filename,dance_genre,situation,camera_id,dancer_id,music_id,choreo_id,music_tempo,estimated_bpm_per_window_x,estimated_bpm_per_window_y,bpm_avg_x,bpm_avg_y,bpm_avg_xy,bpm_mode_x,bpm_mode_y,bpm_mode_xy,bpm_median_x,bpm_median_y,bpm_median_xy
gKR_sBM_cAll_d28_mKR3_ch03,gKR,sBM,cAll,d28,mKR3,ch03,110,[108. 111.],[110. 111.],109.5,110.5,110.0,108.0,110.0,111.0,109.5,110.5,110.5
gHO_sBM_cAll_d20_mHO5_ch01,gHO,sBM,cAll,d20,mHO5,ch01,135,[ 83. 134.],[141. 134.],108.5,137.5,123.0,83.0,134.0,134.0,108.5,137.5,134.0
gKR_sBM_cAll_d28_mKR2_ch03,gKR,sBM,cAll,d28,mKR2,ch03,100,[ 95.  76. 103.],[102.  76.  80.],91.33,86.0,88.66666666666667,76.0,76.0,76.0,95.0,80.0,87.5
gPO_sBM_cAll_d10_mPO3_ch03,gPO,sBM,cAll,d10,mPO3,ch03,110,[75. 92.],[ 99. 108.],83.5,103.5,93.5,75.0,99.0,75.0,83.5,103.5,95.5
gJS_sBM_cAll_d01_mJS3_ch03,gJS,sBM,cAll,d01,mJS3,ch03,110,[83. 79.],[119.  70.],81.0,94.5,87.75,79.0,70.0,70.0,81.0,94.5,81.0
gHO_sBM_cAll_d21_mHO5_ch10,gHO,sBM,cAll,d21,mHO5,ch10,135,[116. 138.],[134. 137.],127.0,135.5,131.25,116.0,134.0,116.0,127.0,135.5,135.5
gWA_sFM_cAll_d27_mWA1_ch16,gWA,sFM,cAll,d27,mWA1,ch16,90,[144.  84.  85. 103. 142. 117.  81.  84. 128. 144.],[ 91.  81. 136. 118. 141.  97. 131.  85.  84.  83.],111.2,104.7,107.95,84.0,81.0,84.0,110.0,94.0,100.0
gBR_sBM_cAll_d06_mBR2_ch05,gBR,sBM,cAll,d06,mBR2,ch05,100,[114.  76. 124.],[ 98. 103. 108.],104.67,103.0,103.83333333333333,76.0,98.0,76.0,114.0,103.0,105.5
gMH_sBM_cAll_d23_mMH0_ch05,gMH,sBM,cAll,d23,mMH0,ch05,80,[117. 108. 128.],[101. 129.  80.],117.67,103.33,110.5,108.0,80.0,80.0,117.0,101.0,112.5
gLO_sBM_cAll_d14_mLO0_ch01,gLO,sBM,cAll,d14,mLO0,ch01,80,[ 88. 120.  70.],[ 74. 144. 107.],92.67,108.33,100.5,70.0,74.0,70.0,88.0,107.0,97.5
gHO_sBM_cAll_d20_mHO0_ch01,gHO,sBM,cAll,d20,mHO0,ch01,110,[ 74. 142.],[101. 111.],108.0,106.0,107.0,74.0,101.0,74.0,108.0,106.0,106.0
gLO_sBM_cAll_d13_mLO1_ch02,gLO,sBM,cAll,d13,mLO1,ch02,90,[116.  88.  98.],[112.  81. 106.],100.67,99.67,100.16666666666667,88.0,81.0,81.0,98.0,106.0,102.0
gPO_sBM_cAll_d12_mPO5_ch08,gPO,sBM,cAll,d12,mPO5,ch08,130,[122. 132.],[ 85. 127.],127.0,106.0,116.5,122.0,85.0,85.0,127.0,106.0,124.5
gKR_sBM_cAll_d30_mKR5_ch08,gKR,sBM,cAll,d30,mKR5,ch08,130,[105.  97.],[93. 98.],101.0,95.5,98.25,97.0,93.0,93.0,101.0,95.5,97.5
gBR_sBM_cAll_d06_mBR5_ch04,gBR,sBM,cAll,d06,mBR5,ch04,130,[113. 100.],[123. 134.],106.5,128.5,117.5,100.0,123.0,100.0,106.5,128.5,118.0
gJS_sBM_cAll_d01_mJS2_ch03,gJS,sBM,cAll,d01,mJS2,ch03,100,[ 82. 133.  91.],[124. 127. 123.],102.0,124.67,113.33333333333333,82.0,123.0,82.0,91.0,124.0,123.5
gBR_sBM_cAll_d04_mBR1_ch03,gBR,sBM,cAll,d04,mBR1,ch03,90,[92. 92. 92.],[92. 91. 87.],92.0,90.0,91.0,92.0,87.0,92.0,92.0,91.0,92.0
gJS_sBM_cAll_d02_mJS0_ch10,gJS,sBM,cAll,d02,mJS0,ch10,80,[123. 105.  70.],[120. 139.  96.],99.33,118.33,108.83333333333333,70.0,96.0,70.0,105.0,120.0,112.5
gLO_sBM_cAll_d15_mLO4_ch01,gLO,sBM,cAll,d15,mLO4,ch01,120,[122. 118.],[105.  83.],120.0,94.0,107.0,118.0,83.0,83.0,120.0,94.0,111.5
gPO_sBM_cAll_d10_mPO1_ch02,gPO,sBM,cAll,d10,mPO1,ch02,90,[80. 89. 70.],[92. 93. 87.],79.67,90.67,85.16666666666667,70.0,87.0,70.0,80.0,92.0,88.0
gJS_sBM_cAll_d02_mJS4_ch08,gJS,sBM,cAll,d02,mJS4,ch08,120,[ 89. 144.],[126. 119.],116.5,122.5,119.5,89.0,119.0,89.0,116.5,122.5,122.5
gBR_sBM_cAll_d05_mBR4_ch06,gBR,sBM,cAll,d05,mBR4,ch06,120,[70. 93.],[122. 120.],81.5,121.0,101.25,70.0,120.0,70.0,81.5,121.0,106.5
gJS_sBM_cAll_d02_mJS5_ch03,gJS,sBM,cAll,d02,mJS5,ch03,130,[114. 115.],[105.  83.],114.5,94.0,104.25,114.0,83.0,83.0,114.5,94.0,109.5
gBR_sBM_cAll_d06_mBR3_ch06,gBR,sBM,cAll,d06,mBR3,ch06,110,[ 70. 109.],[91. 83.],89.5,87.0,88.25,70.0,83.0,70.0,89.5,87.0,87.0
gBR_sBM_cAll_d04_mBR2_ch07,gBR,sBM,cAll,d04,mBR2,ch07,100,[81. 76. 74.],[88. 76. 79.],77.0,81.0,79.0,74.0,76.0,76.0,76.0,79.0,77.5
gPO_sBM_cAll_d11_mPO1_ch01,gPO,sBM,cAll,d11,mPO1,ch01,90,[ 93.  90. 144.],[97. 90. 91.],109.0,92.67,100.83333333333333,90.0,90.0,90.0,93.0,91.0,92.0
gBR_sBM_cAll_d04_mBR0_ch05,gBR,sBM,cAll,d04,mBR0,ch05,80,[ 77.  81. 117.],[83. 83. 80.],91.67,82.0,86.83333333333333,77.0,83.0,83.0,81.0,83.0,82.0
gKR_sBM_cAll_d30_mKR5_ch01,gKR,sBM,cAll,d30,mKR5,ch01,130,[144. 105.],[144. 110.],124.5,127.0,125.75,105.0,110.0,144.0,124.5,127.0,127.0
gMH_sBM_cAll_d22_mMH1_ch06,gMH,sBM,cAll,d22,mMH1,ch06,90,[ 71.  92. 108.],[85. 89. 91.],90.33,88.33,89.33333333333333,71.0,85.0,71.0,92.0,89.0,90.0
gJS_sBM_cAll_d03_mJS3_ch09,gJS,sBM,cAll,d03,mJS3,ch09,110,[ 76. 117.],[114.  80.],96.5,97.0,96.75,76.0,80.0,76.0,96.5,97.0,97.0
gHO_sBM_cAll_d21_mHO2_ch08,gHO,sBM,cAll,d21,mHO2,ch08,120,[97. 90.],[118. 120.],93.5,119.0,106.25,90.0,118.0,90.0,93.5,119.0,107.5
gJB_sFM_cAll_d09_mJB0_ch15,gJB,sFM,cAll,d09,mJB0,ch15,80,[144.  80.  98. 138.  80. 105.  86. 144. 110.  70.  84.],[ 93.  86. 101. 144. 125. 144.  73.  83.  93.  94.  97.],103.55,103.0,103.27272727272727,80.0,93.0,144.0,98.0,94.0,95.5
gLO_sBM_cAll_d15_mLO4_ch09,gLO,sBM,cAll,d15,mLO4,ch09,120,[93. 88.],[89. 90.],90.5,89.5,90.0,88.0,89.0,88.0,90.5,89.5,89.5
gWA_sFM_cAll_d25_mWA0_ch01,gWA,sFM,cAll,d25,mWA0,ch01,80,[ 96. 105. 119. 119.  96. 144.  95. 119.  97.  87. 109.],[112. 139. 131. 118. 144.  99.  86. 120. 107. 117. 144.],107.82,119.73,113.77272727272727,119.0,144.0,119.0,105.0,118.0,114.5
gWA_sBM_cAll_d27_mWA5_ch01,gWA,sBM,cAll,d27,mWA5,ch01,130,[ 94. 122.],[ 87. 132.],108.0,109.5,108.75,94.0,87.0,87.0,108.0,109.5,108.0
gWA_sBM_cAll_d25_mWA0_ch03,gWA,sBM,cAll,d25,mWA0,ch03,80,[116.  80.  84.],[ 87. 125. 127.],93.33,113.0,103.16666666666667,80.0,87.0,80.0,84.0,125.0,101.5
gLH_sFM_cAll_d16_mLH5_ch06,gLH,sFM,cAll,d16,mLH5,ch06,130,[132. 110.  87. 123. 124. 116. 108.],[106. 124. 122. 130.  84.  82.  96.],114.29,106.29,110.28571428571429,87.0,82.0,124.0,116.0,106.0,113.0
gBR_sBM_cAll_d04_mBR1_ch06,gBR,sBM,cAll,d04,mBR1,ch06,90,[112.  86.  94.],[102.  89.  83.],97.33,91.33,94.33333333333333,86.0,83.0,83.0,94.0,89.0,91.5
gLH_sBM_cAll_d16_mLH0_ch03,gLH,sBM,cAll,d16,mLH0,ch03,80,[88. 79. 80.],[139. 107.  78.],82.33,108.0,95.16666666666667,79.0,78.0,78.0,80.0,107.0,84.0
gMH_sBM_cAll_d23_mMH5_ch10,gMH,sBM,cAll,d23,mMH5,ch10,130,[115. 119.],[112. 119.],117.0,115.5,116.25,115.0,112.0,119.0,117.0,115.5,117.0
gKR_sFM_cAll_d28_mKR2_ch03,gKR,sFM,cAll,d28,mKR2,ch03,100,[123. 121.  98. 119.  77. 144.  97. 144.  83.],[ 77. 131. 110.  92. 137. 102. 100.  94. 144.],111.78,109.67,110.72222222222223,144.0,77.0,144.0,119.0,102.0,106.0
gPO_sBM_cAll_d10_mPO2_ch05,gPO,sBM,cAll,d10,mPO2,ch05,100,[110.  78. 132.],[ 82. 129.  94.],106.67,101.67,104.16666666666667,78.0,82.0,78.0,110.0,94.0,102.0
gWA_sBM_cAll_d26_mWA5_ch01,gWA,sBM,cAll,d26,mWA5,ch01,130,[140.  90.],[114. 136.],115.0,125.0,120.0,90.0,114.0,90.0,115.0,125.0,125.0
gLO_sBM_cAll_d14_mLO4_ch10,gLO,sBM,cAll,d14,mLO4,ch10,120,[117. 127.],[118. 125.],122.0,121.5,121.75,117.0,118.0,117.0,122.0,121.5,121.5
gLH_sBM_cAll_d18_mLH3_ch03,gLH,sBM,cAll,d18,mLH3,ch03,110,[110. 144.],[115. 136.],127.0,125.5,126.25,110.0,115.0,110.0,127.0,125.5,125.5
gJS_sBM_cAll_d03_mJS4_ch04,gJS,sBM,cAll,d03,mJS4,ch04,120,[144.  81.],[137.  74.],112.5,105.5,109.0,81.0,74.0,74.0,112.5,105.5,109.0
gBR_sFM_cAll_d06_mBR4_ch18,gBR,sFM,cAll,d06,mBR4,ch18,120,[ 70. 106. 120.  88.  93.  90. 141.  84.],[124. 118. 119.  94. 122. 144. 114. 109.],99.0,118.0,108.5,70.0,94.0,70.0,91.5,118.5,111.5
gPO_sBM_cAll_d10_mPO0_ch01,gPO,sBM,cAll,d10,mPO0,ch01,80,[80. 80. 82.],[75. 81. 80.],80.67,78.67,79.66666666666667,80.0,75.0,80.0,80.0,80.0,80.0
gLO_sBM_cAll_d14_mLO0_ch02,gLO,sBM,cAll,d14,mLO0,ch02,80,[118. 113. 144.],[127.  78. 137.],125.0,114.0,119.5,113.0,78.0,78.0,118.0,127.0,122.5
gBR_sBM_cAll_d05_mBR4_ch01,gBR,sBM,cAll,d05,mBR4,ch01,120,[ 70. 121.],[130. 121.],95.5,125.5,110.5,70.0,121.0,121.0,95.5,125.5,121.0
gLH_sBM_cAll_d17_mLH5_ch02,gLH,sBM,cAll,d17,mLH5,ch02,130,[128. 130.],[123. 135.],129.0,129.0,129.0,128.0,123.0,123.0,129.0,129.0,129.0
gLO_sBM_cAll_d15_mLO4_ch08,gLO,sBM,cAll,d15,mLO4,ch08,120,[115. 121.],[119. 120.],118.0,119.5,118.75,115.0,119.0,115.0,118.0,119.5,119.5
gLH_sBM_cAll_d17_mLH1_ch09,gLH,sBM,cAll,d17,mLH1,ch09,90,[111. 118. 132.],[ 83. 112.  88.],120.33,94.33,107.33333333333333,111.0,83.0,83.0,118.0,88.0,111.5
gPO_sBM_cAll_d10_mPO1_ch03,gPO,sBM,cAll,d10,mPO1,ch03,90,[115.  84.  83.],[ 70.  70. 110.],94.0,83.33,88.66666666666667,83.0,70.0,70.0,84.0,70.0,83.5
gJB_sBM_cAll_d08_mJB4_ch07,gJB,sBM,cAll,d08,mJB4,ch07,120,[124.  89.],[144. 144.],106.5,144.0,125.25,89.0,144.0,144.0,106.5,144.0,134.0
gPO_sFM_cAll_d11_mPO0_ch08,gPO,sFM,cAll,d11,mPO0,ch08,80,[126.  87.  94. 115.  89. 107.  98. 144.  78.  78. 111.],[ 71. 111.  70.  70. 125.  87. 112.  90. 121. 111. 102.],102.45,97.27,99.86363636363636,78.0,70.0,111.0,98.0,102.0,100.0
gLO_sFM_cAll_d15_mLO5_ch20,gLO,sFM,cAll,d15,mLO5,ch20,130,[132. 111.  96.  97.  72.  90. 124.],[ 90. 143. 135. 107.  70. 128. 109.],103.14,111.71,107.42857142857143,72.0,70.0,90.0,97.0,109.0,108.0
gBR_sBM_cAll_d04_mBR2_ch01,gBR,sBM,cAll,d04,mBR2,ch01,100,[74. 75. 73.],[101. 101.  94.],74.0,98.67,86.33333333333333,73.0,101.0,101.0,74.0,101.0,84.5
gMH_sBM_cAll_d22_mMH2_ch06,gMH,sBM,cAll,d22,mMH2,ch06,100,[ 74.  75. 116.],[ 93. 102. 100.],88.33,98.33,93.33333333333333,74.0,93.0,74.0,75.0,100.0,96.5
gJS_sBM_cAll_d03_mJS5_ch01,gJS,sBM,cAll,d03,mJS5,ch01,130,[ 94. 144.],[142.  77.],119.0,109.5,114.25,94.0,77.0,77.0,119.0,109.5,118.0
gLO_sBM_cAll_d14_mLO4_ch01,gLO,sBM,cAll,d14,mLO4,ch01,120,[70. 93.],[118. 126.],81.5,122.0,101.75,70.0,118.0,70.0,81.5,122.0,105.5
gJB_sBM_cAll_d08_mJB4_ch09,gJB,sBM,cAll,d08,mJB4,ch09,120,[144.  92.],[120. 119.],118.0,119.5,118.75,92.0,119.0,92.0,118.0,119.5,119.5
gMH_sBM_cAll_d23_mMH4_ch06,gMH,sBM,cAll,d23,mMH4,ch06,120,[144.  88.],[124. 118.],116.0,121.0,118.5,88.0,118.0,88.0,116.0,121.0,121.0
gLO_sBM_cAll_d13_mLO1_ch05,gLO,sBM,cAll,d13,mLO1,ch05,90,[92. 89. 87.],[88. 89. 89.],89.33,88.67,89.0,87.0,89.0,89.0,89.0,89.0,89.0
gJB_sBM_cAll_d07_mJB2_ch01,gJB,sBM,cAll,d07,mJB2,ch01,100,[108. 108. 103.],[115.  76.  95.],106.33,95.33,100.83333333333333,108.0,76.0,108.0,108.0,95.0,105.5
gJS_sBM_cAll_d02_mJS4_ch05,gJS,sBM,cAll,d02,mJS4,ch05,120,[ 92. 142.],[ 81. 118.],117.0,99.5,108.25,92.0,81.0,81.0,117.0,99.5,105.0
gHO_sFM_cAll_d19_mHO4_ch05,gHO,sFM,cAll,d19,mHO4,ch05,130,[ 70.  89. 122.  91.  96. 122. 136.],[129. 128. 132. 133. 130. 128. 128.],103.71,129.71,116.71428571428571,122.0,128.0,128.0,96.0,129.0,128.0
gKR_sBM_cAll_d28_mKR2_ch02,gKR,sBM,cAll,d28,mKR2,ch02,100,[100. 144. 137.],[ 89. 101.  94.],127.0,94.67,110.83333333333333,100.0,89.0,89.0,137.0,94.0,100.5
gLO_sBM_cAll_d13_mLO2_ch10,gLO,sBM,cAll,d13,mLO2,ch10,100,[ 93. 125.  90.],[ 70. 100. 105.],102.67,91.67,97.16666666666667,90.0,70.0,70.0,93.0,100.0,96.5
gJB_sBM_cAll_d09_mJB2_ch09,gJB,sBM,cAll,d09,mJB2,ch09,100,[70. 94. 87.],[74. 96. 97.],83.67,89.0,86.33333333333333,70.0,74.0,70.0,87.0,96.0,90.5
gLO_sBM_cAll_d15_mLO5_ch06,gLO,sBM,cAll,d15,mLO5,ch06,130,[99. 97.],[96. 94.],98.0,95.0,96.5,97.0,94.0,94.0,98.0,95.0,96.5
gLO_sBM_cAll_d15_mLO3_ch04,gLO,sBM,cAll,d15,mLO3,ch04,110,[139. 136.],[125.  70.],137.5,97.5,117.5,136.0,70.0,70.0,137.5,97.5,130.5
gKR_sBM_cAll_d28_mKR0_ch02,gKR,sBM,cAll,d28,mKR0,ch02,80,[121. 118. 101.],[124. 118. 123.],113.33,121.67,117.5,101.0,118.0,118.0,118.0,123.0,119.5
gKR_sBM_cAll_d28_mKR2_ch09,gKR,sBM,cAll,d28,mKR2,ch09,100,[73. 74. 72.],[100. 100.  96.],73.0,98.67,85.83333333333333,72.0,100.0,100.0,73.0,100.0,85.0
gHO_sBM_cAll_d21_mHO4_ch02,gHO,sBM,cAll,d21,mHO4,ch02,130,[125. 130.],[125. 129.],127.5,127.0,127.25,125.0,125.0,125.0,127.5,127.0,127.0
gJB_sBM_cAll_d08_mJB1_ch10,gJB,sBM,cAll,d08,mJB1,ch10,90,[112. 112. 142.],[144.  93.  82.],122.0,106.33,114.16666666666667,112.0,82.0,112.0,112.0,93.0,112.0
gKR_sBM_cAll_d30_mKR4_ch04,gKR,sBM,cAll,d30,mKR4,ch04,120,[122.  93.],[ 70. 122.],107.5,96.0,101.75,93.0,70.0,122.0,107.5,96.0,107.5
gPO_sBM_cAll_d12_mPO5_ch10,gPO,sBM,cAll,d12,mPO5,ch10,130,[122. 127.],[123. 116.],124.5,119.5,122.0,122.0,116.0,116.0,124.5,119.5,122.5
gLO_sBM_cAll_d13_mLO3_ch06,gLO,sBM,cAll,d13,mLO3,ch06,110,[116. 110.],[79. 81.],113.0,80.0,96.5,110.0,79.0,79.0,113.0,80.0,95.5
gLH_sBM_cAll_d16_mLH2_ch06,gLH,sBM,cAll,d16,mLH2,ch06,100,[136. 118. 107.],[105.  99.  95.],120.33,99.67,110.0,107.0,95.0,95.0,118.0,99.0,106.0
gLH_sBM_cAll_d16_mLH1_ch10,gLH,sBM,cAll,d16,mLH1,ch10,90,[ 89. 136. 131.],[96. 90. 92.],118.67,92.67,105.66666666666667,89.0,90.0,89.0,131.0,92.0,94.0
gBR_sBM_cAll_d04_mBR1_ch01,gBR,sBM,cAll,d04,mBR1,ch01,90,[132. 136. 136.],[91. 91. 86.],134.67,89.33,112.0,136.0,91.0,91.0,136.0,91.0,111.5
gWA_sFM_cAll_d27_mWA0_ch15,gWA,sFM,cAll,d27,mWA0,ch15,80,[144. 110. 110. 112.  75.  79. 128. 115. 136.  86.  80.],[ 93. 114.  93. 144. 139. 121. 106.  88. 137.  82. 111.],106.82,111.64,109.22727272727273,110.0,93.0,93.0,110.0,111.0,110.5
gLH_sBM_cAll_d18_mLH5_ch06,gLH,sBM,cAll,d18,mLH5,ch06,130,[103.  75.],[131. 106.],89.0,118.5,103.75,75.0,106.0,75.0,89.0,118.5,104.5
gHO_sBM_cAll_d21_mHO3_ch09,gHO,sBM,cAll,d21,mHO3,ch09,125,[126. 126.],[122. 125.],126.0,123.5,124.75,126.0,122.0,126.0,126.0,123.5,125.5
gJB_sBM_cAll_d08_mJB1_ch05,gJB,sBM,cAll,d08,mJB1,ch05,90,[ 76.  74. 144.],[ 76.  70. 131.],98.0,92.33,95.16666666666667,74.0,70.0,76.0,76.0,76.0,76.0
gHO_sBM_cAll_d20_mHO1_ch04,gHO,sBM,cAll,d20,mHO1,ch04,115,[120.  91.],[117. 115.],105.5,116.0,110.75,91.0,115.0,91.0,105.5,116.0,116.0
gLH_sBM_cAll_d16_mLH3_ch06,gLH,sBM,cAll,d16,mLH3,ch06,110,[123. 120.],[113. 108.],121.5,110.5,116.0,120.0,108.0,108.0,121.5,110.5,116.5
gWA_sBM_cAll_d26_mWA4_ch09,gWA,sBM,cAll,d26,mWA4,ch09,120,[137.  77.],[ 70. 125.],107.0,97.5,102.25,77.0,70.0,70.0,107.0,97.5,101.0
gMH_sBM_cAll_d23_mMH0_ch08,gMH,sBM,cAll,d23,mMH0,ch08,80,[126.  77.  87.],[ 85.  80. 101.],96.67,88.67,92.66666666666667,77.0,80.0,77.0,87.0,85.0,86.0
gLO_sBM_cAll_d14_mLO0_ch03,gLO,sBM,cAll,d14,mLO0,ch03,80,[ 95. 119. 121.],[134.  78. 121.],111.67,111.0,111.33333333333333,95.0,78.0,121.0,119.0,121.0,120.0
gBR_sBM_cAll_d05_mBR0_ch05,gBR,sBM,cAll,d05,mBR0,ch05,80,[ 76.  89. 120.],[144.  83.  81.],95.0,102.67,98.83333333333333,76.0,81.0,76.0,89.0,83.0,86.0
gPO_sBM_cAll_d12_mPO2_ch04,gPO,sBM,cAll,d12,mPO2,ch04,100,[124.  84. 135.],[144. 100. 111.],114.33,118.33,116.33333333333333,84.0,100.0,84.0,124.0,111.0,117.5
gLH_sBM_cAll_d18_mLH2_ch03,gLH,sBM,cAll,d18,mLH2,ch03,100,[73. 77. 96.],[104. 104. 104.],82.0,104.0,93.0,73.0,104.0,104.0,77.0,104.0,100.0
gKR_sBM_cAll_d29_mKR1_ch02,gKR,sBM,cAll,d29,mKR1,ch02,90,[ 84. 105.  98.],[93. 91. 87.],95.67,90.33,93.0,84.0,87.0,84.0,98.0,91.0,92.0
gJB_sBM_cAll_d09_mJB2_ch01,gJB,sBM,cAll,d09,mJB2,ch01,100,[ 98. 103.  70.],[102.  94. 144.],90.33,113.33,101.83333333333333,70.0,94.0,70.0,98.0,102.0,100.0
gMH_sFM_cAll_d23_mMH2_ch10,gMH,sFM,cAll,d23,mMH2,ch10,100,[109.  82.  71. 115.  90.  86. 102.  94.  72.],[ 96. 115. 113. 102.  99.  97.  98.  86.  99.],91.22,100.56,95.88888888888889,71.0,99.0,86.0,90.0,99.0,97.5
gLH_sFM_cAll_d16_mLH0_ch01,gLH,sFM,cAll,d16,mLH0,ch01,80,[ 84. 144.  91.  90.  89. 144. 106. 125.  77. 109. 103.],[ 78. 144.  93.  93.  99. 136.  96.  92.  76.  85. 122.],105.64,101.27,103.45454545454545,144.0,93.0,144.0,103.0,93.0,94.5
gKR_sBM_cAll_d30_mKR4_ch07,gKR,sBM,cAll,d30,mKR4,ch07,120,[138. 120.],[119. 113.],129.0,116.0,122.5,120.0,113.0,113.0,129.0,116.0,119.5
gKR_sBM_cAll_d29_mKR5_ch08,gKR,sBM,cAll,d29,mKR5,ch08,130,[115. 123.],[78. 97.],119.0,87.5,103.25,115.0,78.0,78.0,119.0,87.5,106.0
gJS_sBM_cAll_d02_mJS4_ch06,gJS,sBM,cAll,d02,mJS4,ch06,120,[ 72. 103.],[144. 100.],87.5,122.0,104.75,72.0,100.0,72.0,87.5,122.0,101.5
gLH_sBM_cAll_d16_mLH3_ch08,gLH,sBM,cAll,d16,mLH3,ch08,110,[ 98. 134.],[ 87. 102.],116.0,94.5,105.25,98.0,87.0,87.0,116.0,94.5,100.0
gPO_sBM_cAll_d12_mPO2_ch06,gPO,sBM,cAll,d12,mPO2,ch06,100,[70. 93. 95.],[144. 144.  95.],86.0,127.67,106.83333333333333,70.0,144.0,95.0,93.0,144.0,95.0
gWA_sFM_cAll_d26_mWA1_ch09,gWA,sFM,cAll,d26,mWA1,ch09,90,[ 75.  96. 144.  89.  87. 140.  99.  89. 138. 130.],[124.  88.  95.  90. 110. 119. 103.  89. 137.  99.],108.7,105.4,107.05,89.0,88.0,89.0,97.5,101.0,99.0
gPO_sBM_cAll_d12_mPO5_ch02,gPO,sBM,cAll,d12,mPO5,ch02,130,[90. 94.],[131. 131.],92.0,131.0,111.5,90.0,131.0,131.0,92.0,131.0,112.5
gWA_sBM_cAll_d25_mWA1_ch03,gWA,sBM,cAll,d25,mWA1,ch03,90,[144. 142.  98.],[128. 100.  87.],128.0,105.0,116.5,98.0,87.0,87.0,142.0,100.0,114.0
gLH_sBM_cAll_d17_mLH4_ch05,gLH,sBM,cAll,d17,mLH4,ch05,120,[123. 122.],[94. 90.],122.5,92.0,107.25,122.0,90.0,90.0,122.5,92.0,108.0
gLO_sBM_cAll_d13_mLO0_ch06,gLO,sBM,cAll,d13,mLO0,ch06,80,[119. 141. 100.],[111. 141. 117.],120.0,123.0,121.5,100.0,111.0,141.0,119.0,117.0,118.0
gPO_sBM_cAll_d11_mPO4_ch03,gPO,sBM,cAll,d11,mPO4,ch03,120,[108. 118.],[113. 118.],113.0,115.5,114.25,108.0,113.0,118.0,113.0,115.5,115.5
gJB_sBM_cAll_d08_mJB5_ch06,gJB,sBM,cAll,d08,mJB5,ch06,130,[127.  86.],[ 76. 128.],106.5,102.0,104.25,86.0,76.0,76.0,106.5,102.0,106.5
gWA_sBM_cAll_d26_mWA0_ch06,gWA,sBM,cAll,d26,mWA0,ch06,80,[127.  87.  85.],[ 99. 128. 124.],99.67,117.0,108.33333333333333,85.0,99.0,85.0,87.0,124.0,111.5
gJS_sBM_cAll_d02_mJS1_ch07,gJS,sBM,cAll,d02,mJS1,ch07,90,[71. 97. 86.],[ 70.  77. 126.],84.67,91.0,87.83333333333333,71.0,70.0,70.0,86.0,77.0,81.5
gKR_sBM_cAll_d28_mKR3_ch08,gKR,sBM,cAll,d28,mKR3,ch08,110,[131. 112.],[109. 111.],121.5,110.0,115.75,112.0,109.0,109.0,121.5,110.0,111.5
gJB_sBM_cAll_d07_mJB2_ch07,gJB,sBM,cAll,d07,mJB2,ch07,100,[103. 111.  99.],[116. 100.  82.],104.33,99.33,101.83333333333333,99.0,82.0,82.0,103.0,100.0,101.5
gJS_sBM_cAll_d01_mJS0_ch04,gJS,sBM,cAll,d01,mJS0,ch04,80,[82. 93. 79.],[101.  96.  83.],84.67,93.33,89.0,79.0,83.0,79.0,82.0,96.0,88.0
gWA_sBM_cAll_d25_mWA2_ch04,gWA,sBM,cAll,d25,mWA2,ch04,100,[93. 90. 84.],[ 85. 130.  81.],89.0,98.67,93.83333333333333,84.0,81.0,81.0,90.0,85.0,87.5
gWA_sBM_cAll_d27_mWA2_ch07,gWA,sBM,cAll,d27,mWA2,ch07,100,[ 75. 122. 111.],[109.  74.  90.],102.67,91.0,96.83333333333333,75.0,74.0,74.0,111.0,90.0,99.5
gLO_sBM_cAll_d14_mLO1_ch02,gLO,sBM,cAll,d14,mLO1,ch02,90,[144. 128.  70.],[114.  92.  76.],114.0,94.0,104.0,70.0,76.0,70.0,128.0,92.0,103.0
gMH_sBM_cAll_d22_mMH3_ch09,gMH,sBM,cAll,d22,mMH3,ch09,110,[ 72. 105.],[113. 111.],88.5,112.0,100.25,72.0,111.0,72.0,88.5,112.0,108.0
gLH_sBM_cAll_d18_mLH2_ch04,gLH,sBM,cAll,d18,mLH2,ch04,100,[84. 75. 70.],[ 98.  98. 107.],76.33,101.0,88.66666666666667,70.0,98.0,98.0,75.0,98.0,91.0
gJB_sBM_cAll_d07_mJB1_ch08,gJB,sBM,cAll,d07,mJB1,ch08,90,[110.  87. 100.],[ 98.  90. 102.],99.0,96.67,97.83333333333333,87.0,90.0,87.0,100.0,98.0,99.0
gPO_sBM_cAll_d10_mPO3_ch02,gPO,sBM,cAll,d10,mPO3,ch02,110,[95. 84.],[109. 111.],89.5,110.0,99.75,84.0,109.0,84.0,89.5,110.0,102.0
gMH_sBM_cAll_d24_mMH3_ch07,gMH,sBM,cAll,d24,mMH3,ch07,110,[ 84. 110.],[111. 110.],97.0,110.5,103.75,84.0,110.0,110.0,97.0,110.5,110.0
gHO_sFM_cAll_d21_mHO4_ch19,gHO,sFM,cAll,d21,mHO4,ch19,130,[125. 128.  97.  84. 115. 106.  80.],[122. 138. 128. 136. 122. 111. 128.],105.0,126.43,115.71428571428571,80.0,122.0,128.0,106.0,128.0,122.0
gHO_sBM_cAll_d20_mHO5_ch06,gHO,sBM,cAll,d20,mHO5,ch06,135,[128. 132.],[133. 134.],130.0,133.5,131.75,128.0,133.0,128.0,130.0,133.5,132.5
gKR_sFM_cAll_d29_mKR3_ch11,gKR,sFM,cAll,d29,mKR3,ch11,110,[108. 126. 113.  86. 123.  70.  87. 139.],[116. 111. 136.  71. 127.  88. 106. 114.],106.5,108.62,107.5625,70.0,71.0,70.0,110.5,112.5,112.0
gLO_sBM_cAll_d15_mLO4_ch02,gLO,sBM,cAll,d15,mLO4,ch02,120,[ 88. 110.],[78. 80.],99.0,79.0,89.0,88.0,78.0,78.0,99.0,79.0,84.0
gHO_sBM_cAll_d19_mHO1_ch01,gHO,sBM,cAll,d19,mHO1,ch01,115,[81. 86.],[109. 115.],83.5,112.0,97.75,81.0,109.0,81.0,83.5,112.0,97.5
gMH_sBM_cAll_d22_mMH1_ch05,gMH,sBM,cAll,d22,mMH1,ch05,90,[ 83. 110.  91.],[90. 92. 89.],94.67,90.33,92.5,83.0,89.0,83.0,91.0,90.0,90.5
gJB_sFM_cAll_d07_mJB5_ch06,gJB,sFM,cAll,d07,mJB5,ch06,130,[108.  71.  86.  97. 137.  74. 129.],[80. 74. 70. 77. 74. 96. 98.],100.29,81.29,90.78571428571429,71.0,74.0,74.0,97.0,77.0,83.0
gWA_sBM_cAll_d26_mWA4_ch10,gWA,sBM,cAll,d26,mWA4,ch10,120,[ 87. 126.],[77. 86.],106.5,81.5,94.0,87.0,77.0,77.0,106.5,81.5,86.5
gLH_sBM_cAll_d18_mLH5_ch09,gLH,sBM,cAll,d18,mLH5,ch09,130,[134. 130.],[130. 132.],132.0,131.0,131.5,130.0,130.0,130.0,132.0,131.0,131.0
gWA_sBM_cAll_d27_mWA2_ch02,gWA,sBM,cAll,d27,mWA2,ch02,100,[107. 123. 123.],[144. 126.  88.],117.67,119.33,118.5,123.0,88.0,123.0,123.0,126.0,123.0
gKR_sBM_cAll_d28_mKR3_ch09,gKR,sBM,cAll,d28,mKR3,ch09,110,[76. 78.],[120. 136.],77.0,128.0,102.5,76.0,120.0,76.0,77.0,128.0,99.0
gWA_sBM_cAll_d25_mWA2_ch07,gWA,sBM,cAll,d25,mWA2,ch07,100,[106. 144. 144.],[116. 111. 118.],131.33,115.0,123.16666666666667,144.0,111.0,144.0,144.0,116.0,117.0
gBR_sFM_cAll_d04_mBR0_ch01,gBR,sFM,cAll,d04,mBR0,ch01,80,[ 85.  80.  86.  70. 134.  88.  80. 115. 144.  78.  99.],[ 78. 119.  82.  80.  79.  81.  82.  80.  83. 100.  83.],96.27,86.09,91.18181818181819,80.0,80.0,80.0,86.0,82.0,82.5
gJS_sBM_cAll_d02_mJS4_ch10,gJS,sBM,cAll,d02,mJS4,ch10,120,[144. 116.],[99. 77.],130.0,88.0,109.0,116.0,77.0,77.0,130.0,88.0,107.5
gWA_sBM_cAll_d25_mWA0_ch01,gWA,sBM,cAll,d25,mWA0,ch01,80,[123. 105. 112.],[ 92. 107. 121.],113.33,106.67,110.0,105.0,92.0,92.0,112.0,107.0,109.5
gLO_sBM_cAll_d14_mLO5_ch10,gLO,sBM,cAll,d14,mLO5,ch10,130,[126. 130.],[126. 134.],128.0,130.0,129.0,126.0,126.0,126.0,128.0,130.0,128.0
gLH_sFM_cAll_d16_mLH4_ch05,gLH,sFM,cAll,d16,mLH4,ch05,120,[100.  76. 112. 112. 116. 131. 125. 133.],[144.  79. 114. 133. 103. 102. 130. 111.],113.12,114.5,113.8125,112.0,79.0,112.0,114.0,112.5,113.0
gKR_sBM_cAll_d29_mKR0_ch04,gKR,sBM,cAll,d29,mKR0,ch04,80,[ 86. 123. 120.],[ 86.  86. 111.],109.67,94.33,102.0,86.0,86.0,86.0,120.0,86.0,98.5
gLO_sBM_cAll_d13_mLO1_ch07,gLO,sBM,cAll,d13,mLO1,ch07,90,[103.  95.  86.],[86. 92. 84.],94.67,87.33,91.0,86.0,84.0,86.0,95.0,86.0,89.0
gPO_sBM_cAll_d12_mPO3_ch09,gPO,sBM,cAll,d12,mPO3,ch09,110,[117. 102.],[108.  98.],109.5,103.0,106.25,102.0,98.0,98.0,109.5,103.0,105.0
gPO_sFM_cAll_d12_mPO5_ch21,gPO,sFM,cAll,d12,mPO5,ch21,130,[137. 131. 132. 132. 129. 133. 142.],[130. 136. 118. 135. 129.  95.  80.],133.71,117.57,125.64285714285714,132.0,80.0,129.0,132.0,129.0,131.5
gJB_sBM_cAll_d08_mJB1_ch06,gJB,sBM,cAll,d08,mJB1,ch06,90,[114. 138. 110.],[ 93.  84. 115.],120.67,97.33,109.0,110.0,84.0,84.0,114.0,93.0,112.0
gJS_sBM_cAll_d01_mJS3_ch01,gJS,sBM,cAll,d01,mJS3,ch01,110,[73. 85.],[96. 95.],79.0,95.5,87.25,73.0,95.0,73.0,79.0,95.5,90.0
gJB_sBM_cAll_d08_mJB0_ch06,gJB,sBM,cAll,d08,mJB0,ch06,80,[108. 110.  85.],[ 87. 140.  86.],101.0,104.33,102.66666666666667,85.0,86.0,85.0,108.0,87.0,97.5
gLO_sBM_cAll_d13_mLO0_ch04,gLO,sBM,cAll,d13,mLO0,ch04,80,[ 92. 105.  99.],[70. 91. 78.],98.67,79.67,89.16666666666667,92.0,70.0,70.0,99.0,78.0,91.5
gMH_sBM_cAll_d22_mMH1_ch08,gMH,sBM,cAll,d22,mMH1,ch08,90,[82. 91. 89.],[144. 126.  90.],87.33,120.0,103.66666666666667,82.0,90.0,82.0,89.0,126.0,90.5
gMH_sBM_cAll_d23_mMH0_ch03,gMH,sBM,cAll,d23,mMH0,ch03,80,[113. 128. 110.],[75. 78. 81.],117.0,78.0,97.5,110.0,75.0,75.0,113.0,78.0,95.5
gBR_sBM_cAll_d05_mBR1_ch02,gBR,sBM,cAll,d05,mBR1,ch02,90,[ 97. 137. 100.],[ 92. 134. 137.],111.33,121.0,116.16666666666667,97.0,92.0,137.0,100.0,134.0,117.0
gWA_sBM_cAll_d26_mWA1_ch10,gWA,sBM,cAll,d26,mWA1,ch10,90,[122.  70.  88.],[ 70.  88. 112.],93.33,90.0,91.66666666666667,70.0,70.0,70.0,88.0,88.0,88.0
gLH_sBM_cAll_d18_mLH4_ch10,gLH,sBM,cAll,d18,mLH4,ch10,120,[ 85. 120.],[ 77. 120.],102.5,98.5,100.5,85.0,77.0,120.0,102.5,98.5,102.5
gLO_sBM_cAll_d15_mLO5_ch07,gLO,sBM,cAll,d15,mLO5,ch07,130,[122. 128.],[88. 91.],125.0,89.5,107.25,122.0,88.0,88.0,125.0,89.5,106.5
gLO_sBM_cAll_d14_mLO1_ch09,gLO,sBM,cAll,d14,mLO1,ch09,90,[124. 111.  99.],[131.  89.  88.],111.33,102.67,107.0,99.0,88.0,88.0,111.0,89.0,105.0
gJB_sBM_cAll_d07_mJB3_ch01,gJB,sBM,cAll,d07,mJB3,ch01,110,[126. 112.],[ 95. 107.],119.0,101.0,110.0,112.0,95.0,95.0,119.0,101.0,109.5
gPO_sFM_cAll_d11_mPO2_ch10,gPO,sFM,cAll,d11,mPO2,ch10,100,[118. 140. 120. 101.  93.  96. 144. 140.  78.],[ 93.  97. 120. 104. 102.  80. 133.  74. 106.],114.44,101.0,107.72222222222223,140.0,74.0,93.0,118.0,102.0,103.0
gJS_sBM_cAll_d03_mJS2_ch02,gJS,sBM,cAll,d03,mJS2,ch02,100,[73. 89. 70.],[ 98.  99. 144.],77.33,113.67,95.5,70.0,98.0,70.0,73.0,99.0,93.5
gPO_sFM_cAll_d11_mPO5_ch13,gPO,sFM,cAll,d11,mPO5,ch13,130,[129.  86. 135. 131. 129. 110. 120.],[124.  94.  99.  83. 133. 101. 116.],120.0,107.14,113.57142857142857,129.0,83.0,129.0,129.0,101.0,118.0
gBR_sFM_cAll_d05_mBR3_ch10,gBR,sFM,cAll,d05,mBR3,ch10,110,[113.  80. 126.  89.  84. 101. 124.  73.],[108. 112. 113. 110. 108.  78. 104.  96.],98.75,103.62,101.1875,73.0,108.0,108.0,95.0,108.0,106.0
gMH_sBM_cAll_d24_mMH5_ch07,gMH,sBM,cAll,d24,mMH5,ch07,130,[130. 126.],[134. 130.],128.0,132.0,130.0,126.0,130.0,130.0,128.0,132.0,130.0
gMH_sFM_cAll_d23_mMH5_ch13,gMH,sFM,cAll,d23,mMH5,ch13,130,[ 78. 135. 132. 128.  98. 115.  87.],[ 96.  94. 144. 128. 126. 134. 125.],110.43,121.0,115.71428571428571,78.0,94.0,128.0,115.0,126.0,125.5
gHO_sBM_cAll_d20_mHO4_ch02,gHO,sBM,cAll,d20,mHO4,ch02,130,[ 82. 124.],[130. 125.],103.0,127.5,115.25,82.0,125.0,82.0,103.0,127.5,124.5
gKR_sFM_cAll_d28_mKR3_ch04,gKR,sFM,cAll,d28,mKR3,ch04,110,[125. 134. 133. 133.  70. 102.  70. 100.],[ 81.  95. 105.  93. 109. 121. 131. 110.],108.38,105.62,107.0,70.0,81.0,70.0,113.5,107.0,107.0
gBR_sBM_cAll_d06_mBR4_ch09,gBR,sBM,cAll,d06,mBR4,ch09,120,[126. 120.],[100. 120.],123.0,110.0,116.5,120.0,100.0,120.0,123.0,110.0,120.0
gWA_sBM_cAll_d25_mWA0_ch08,gWA,sBM,cAll,d25,mWA0,ch08,80,[144. 101. 101.],[ 85.  79. 144.],115.33,102.67,109.0,101.0,79.0,101.0,101.0,85.0,101.0
gKR_sBM_cAll_d28_mKR0_ch09,gKR,sBM,cAll,d28,mKR0,ch09,80,[105. 138. 137.],[85. 79. 98.],126.67,87.33,107.0,105.0,79.0,79.0,137.0,85.0,101.5
gJS_sBM_cAll_d02_mJS4_ch04,gJS,sBM,cAll,d02,mJS4,ch04,120,[108.  78.],[81. 76.],93.0,78.5,85.75,78.0,76.0,76.0,93.0,78.5,79.5
gLO_sBM_cAll_d13_mLO2_ch03,gLO,sBM,cAll,d13,mLO2,ch03,100,[140.  99. 114.],[115.  83.  94.],117.67,97.33,107.5,99.0,83.0,83.0,114.0,94.0,106.5
gMH_sBM_cAll_d24_mMH4_ch05,gMH,sBM,cAll,d24,mMH4,ch05,120,[116. 119.],[141. 144.],117.5,142.5,130.0,116.0,141.0,116.0,117.5,142.5,130.0
gLH_sBM_cAll_d18_mLH2_ch09,gLH,sBM,cAll,d18,mLH2,ch09,100,[101. 100. 136.],[107. 101. 133.],112.33,113.67,113.0,100.0,101.0,101.0,101.0,107.0,104.0
gPO_sBM_cAll_d11_mPO4_ch04,gPO,sBM,cAll,d11,mPO4,ch04,120,[108. 114.],[101.  91.],111.0,96.0,103.5,108.0,91.0,91.0,111.0,96.0,104.5
gHO_sBM_cAll_d21_mHO3_ch10,gHO,sBM,cAll,d21,mHO3,ch10,125,[131. 121.],[94. 94.],126.0,94.0,110.0,121.0,94.0,94.0,126.0,94.0,107.5
gJB_sBM_cAll_d07_mJB2_ch05,gJB,sBM,cAll,d07,mJB2,ch05,100,[ 76.  89. 114.],[81. 80. 82.],93.0,81.0,87.0,76.0,80.0,76.0,89.0,81.0,81.5
gHO_sBM_cAll_d20_mHO0_ch04,gHO,sBM,cAll,d20,mHO0,ch04,110,[ 84. 108.],[107. 110.],96.0,108.5,102.25,84.0,107.0,84.0,96.0,108.5,107.5
gKR_sBM_cAll_d29_mKR5_ch09,gKR,sBM,cAll,d29,mKR5,ch09,130,[122. 133.],[135.  98.],127.5,116.5,122.0,122.0,98.0,98.0,127.5,116.5,127.5
gJB_sFM_cAll_d08_mJB2_ch10,gJB,sFM,cAll,d08,mJB2,ch10,100,[ 99. 129. 104.  98.  76. 117. 117. 144. 101.],[126.  74.  70. 107.  70.  95.  95.  99.  88.],109.44,91.56,100.5,117.0,70.0,70.0,104.0,95.0,99.0
gJB_sBM_cAll_d07_mJB1_ch01,gJB,sBM,cAll,d07,mJB1,ch01,90,[101.  99.  98.],[ 91.  94. 101.],99.33,95.33,97.33333333333333,98.0,91.0,101.0,99.0,94.0,98.5
gJB_sFM_cAll_d08_mJB5_ch14,gJB,sFM,cAll,d08,mJB5,ch14,130,[ 99. 111.  91. 107.  86. 144. 100.],[118. 116.  95. 103.  70. 122. 105.],105.43,104.14,104.78571428571429,86.0,70.0,70.0,100.0,105.0,104.0
gWA_sBM_cAll_d27_mWA3_ch10,gWA,sBM,cAll,d27,mWA3,ch10,110,[130.  79.],[136. 137.],104.5,136.5,120.5,79.0,136.0,79.0,104.5,136.5,133.0
gPO_sBM_cAll_d12_mPO5_ch06,gPO,sBM,cAll,d12,mPO5,ch06,130,[85. 83.],[132. 129.],84.0,130.5,107.25,83.0,129.0,83.0,84.0,130.5,107.0
gWA_sBM_cAll_d25_mWA0_ch05,gWA,sBM,cAll,d25,mWA0,ch05,80,[144. 131.  93.],[124. 102. 140.],122.67,122.0,122.33333333333333,93.0,102.0,93.0,131.0,124.0,127.5
gMH_sBM_cAll_d22_mMH1_ch07,gMH,sBM,cAll,d22,mMH1,ch07,90,[ 94. 114.  83.],[93. 89. 95.],97.0,92.33,94.66666666666667,83.0,89.0,83.0,94.0,93.0,93.5
gLO_sBM_cAll_d14_mLO0_ch05,gLO,sBM,cAll,d14,mLO0,ch05,80,[ 95. 125. 142.],[120. 108.  99.],120.67,109.0,114.83333333333333,95.0,99.0,95.0,125.0,108.0,114.0
gLH_sBM_cAll_d17_mLH5_ch10,gLH,sBM,cAll,d17,mLH5,ch10,130,[122. 134.],[ 70. 121.],128.0,95.5,111.75,122.0,70.0,70.0,128.0,95.5,121.5
gBR_sBM_cAll_d04_mBR3_ch04,gBR,sBM,cAll,d04,mBR3,ch04,110,[108. 110.],[109. 111.],109.0,110.0,109.5,108.0,109.0,108.0,109.0,110.0,109.5
gJB_sBM_cAll_d08_mJB1_ch02,gJB,sBM,cAll,d08,mJB1,ch02,90,[111. 100. 101.],[144.  98.  99.],104.0,113.67,108.83333333333333,100.0,98.0,98.0,101.0,99.0,100.5
gLH_sBM_cAll_d17_mLH1_ch02,gLH,sBM,cAll,d17,mLH1,ch02,90,[101. 131.  94.],[88. 89. 90.],108.67,89.0,98.83333333333333,94.0,88.0,88.0,101.0,89.0,92.0
gLH_sBM_cAll_d18_mLH3_ch07,gLH,sBM,cAll,d18,mLH3,ch07,110,[110. 115.],[100.  90.],112.5,95.0,103.75,110.0,90.0,90.0,112.5,95.0,105.0
gLH_sBM_cAll_d16_mLH1_ch03,gLH,sBM,cAll,d16,mLH1,ch03,90,[78. 88. 90.],[113.  88.  91.],85.33,97.33,91.33333333333333,78.0,88.0,88.0,88.0,91.0,89.0
gJB_sBM_cAll_d08_mJB0_ch10,gJB,sBM,cAll,d08,mJB0,ch10,80,[ 73. 103.  75.],[ 97. 109. 142.],83.67,116.0,99.83333333333333,73.0,97.0,73.0,75.0,109.0,100.0
gBR_sBM_cAll_d05_mBR5_ch04,gBR,sBM,cAll,d05,mBR5,ch04,130,[140. 129.],[130. 125.],134.5,127.5,131.0,129.0,125.0,125.0,134.5,127.5,129.5
gHO_sBM_cAll_d19_mHO2_ch10,gHO,sBM,cAll,d19,mHO2,ch10,120,[ 70. 144.],[87. 89.],107.0,88.0,97.5,70.0,87.0,70.0,107.0,88.0,88.0
gKR_sBM_cAll_d29_mKR5_ch01,gKR,sBM,cAll,d29,mKR5,ch01,130,[128.  98.],[ 75. 130.],113.0,102.5,107.75,98.0,75.0,75.0,113.0,102.5,113.0
gLO_sFM_cAll_d13_mLO4_ch05,gLO,sFM,cAll,d13,mLO4,ch05,120,[120. 116. 111. 114. 125. 105. 122. 116.],[122. 127. 120. 114. 123. 120. 144.  72.],116.12,117.75,116.9375,116.0,120.0,120.0,116.0,121.0,120.0
gKR_sBM_cAll_d30_mKR4_ch02,gKR,sBM,cAll,d30,mKR4,ch02,120,[ 90. 116.],[123. 118.],103.0,120.5,111.75,90.0,118.0,90.0,103.0,120.5,117.0
gHO_sBM_cAll_d19_mHO3_ch04,gHO,sBM,cAll,d19,mHO3,ch04,125,[ 72. 126.],[115. 125.],99.0,120.0,109.5,72.0,115.0,72.0,99.0,120.0,120.0
gKR_sBM_cAll_d29_mKR4_ch07,gKR,sBM,cAll,d29,mKR4,ch07,120,[ 97. 121.],[ 70. 124.],109.0,97.0,103.0,97.0,70.0,70.0,109.0,97.0,109.0
gLO_sBM_cAll_d15_mLO2_ch02,gLO,sBM,cAll,d15,mLO2,ch02,100,[140. 134. 126.],[139.  97. 125.],133.33,120.33,126.83333333333333,126.0,97.0,97.0,134.0,125.0,130.0
gLH_sFM_cAll_d16_mLH1_ch02,gLH,sFM,cAll,d16,mLH1,ch02,90,[140.  84.  77.  75. 136.  82. 113.  91.  81. 118.],[ 94. 126. 115.  85. 116. 128. 122.  70. 143. 136.],99.7,113.5,106.6,75.0,70.0,136.0,87.5,119.0,114.0
gMH_sFM_cAll_d22_mMH1_ch07,gMH,sFM,cAll,d22,mMH1,ch07,90,[144.  88.  80. 118. 144. 143. 129. 104. 134.  93.],[ 88.  83.  85.  93.  87.  96. 100. 100. 121.  86.],117.7,93.9,105.8,144.0,100.0,88.0,123.5,90.5,98.0
gJB_sBM_cAll_d08_mJB0_ch01,gJB,sBM,cAll,d08,mJB0,ch01,80,[94. 82. 87.],[82. 88. 77.],87.67,82.33,85.0,82.0,77.0,82.0,87.0,82.0,84.5
gHO_sBM_cAll_d21_mHO2_ch03,gHO,sBM,cAll,d21,mHO2,ch03,120,[121. 123.],[83. 92.],122.0,87.5,104.75,121.0,83.0,83.0,122.0,87.5,106.5
gBR_sBM_cAll_d05_mBR0_ch01,gBR,sBM,cAll,d05,mBR0,ch01,80,[123. 120. 118.],[86. 81. 80.],120.33,82.33,101.33333333333333,118.0,80.0,80.0,120.0,81.0,102.0
gWA_sBM_cAll_d25_mWA1_ch04,gWA,sBM,cAll,d25,mWA1,ch04,90,[ 70.  82. 140.],[105. 119.  85.],97.33,103.0,100.16666666666667,70.0,85.0,70.0,82.0,105.0,95.0
gPO_sBM_cAll_d11_mPO5_ch08,gPO,sBM,cAll,d11,mPO5,ch08,130,[114.  70.],[136. 104.],92.0,120.0,106.0,70.0,104.0,70.0,92.0,120.0,109.0
gHO_sBM_cAll_d19_mHO0_ch02,gHO,sBM,cAll,d19,mHO0,ch02,110,[106. 106.],[105. 106.],106.0,105.5,105.75,106.0,105.0,106.0,106.0,105.5,106.0
gMH_sBM_cAll_d24_mMH4_ch09,gMH,sBM,cAll,d24,mMH4,ch09,120,[131. 120.],[125. 120.],125.5,122.5,124.0,120.0,120.0,120.0,125.5,122.5,122.5
gWA_sBM_cAll_d25_mWA3_ch10,gWA,sBM,cAll,d25,mWA3,ch10,110,[113. 105.],[110. 109.],109.0,109.5,109.25,105.0,109.0,105.0,109.0,109.5,109.5
gKR_sBM_cAll_d30_mKR3_ch09,gKR,sBM,cAll,d30,mKR3,ch09,110,[75. 83.],[105.  71.],79.0,88.0,83.5,75.0,71.0,71.0,79.0,88.0,79.0
gKR_sBM_cAll_d28_mKR1_ch04,gKR,sBM,cAll,d28,mKR1,ch04,90,[ 70. 131. 138.],[105.  83.  97.],113.0,95.0,104.0,70.0,83.0,70.0,131.0,97.0,101.0
gJB_sBM_cAll_d09_mJB5_ch05,gJB,sBM,cAll,d09,mJB5,ch05,130,[111. 110.],[74. 71.],110.5,72.5,91.5,110.0,71.0,71.0,110.5,72.5,92.0
gBR_sBM_cAll_d04_mBR2_ch02,gBR,sBM,cAll,d04,mBR2,ch02,100,[107. 102. 144.],[133. 108. 134.],117.67,125.0,121.33333333333333,102.0,108.0,102.0,107.0,133.0,120.5
gMH_sFM_cAll_d23_mMH1_ch09,gMH,sFM,cAll,d23,mMH1,ch09,90,[112.  83.  70.  83.  92. 105. 103.  92. 100.  91.],[123.  90. 100.  85.  92.  78.  77.  84. 127.  90.],93.1,94.6,93.85,83.0,90.0,92.0,92.0,90.0,91.5
gJS_sBM_cAll_d01_mJS2_ch07,gJS,sBM,cAll,d01,mJS2,ch07,100,[144.  70.  70.],[ 88.  97. 109.],94.67,98.0,96.33333333333333,70.0,88.0,70.0,70.0,97.0,92.5
gHO_sBM_cAll_d19_mHO3_ch09,gHO,sBM,cAll,d19,mHO3,ch09,125,[124. 128.],[124. 125.],126.0,124.5,125.25,124.0,124.0,124.0,126.0,124.5,124.5
gMH_sBM_cAll_d22_mMH3_ch01,gMH,sBM,cAll,d22,mMH3,ch01,110,[111. 109.],[119. 120.],110.0,119.5,114.75,109.0,119.0,109.0,110.0,119.5,115.0
gKR_sBM_cAll_d28_mKR1_ch10,gKR,sBM,cAll,d28,mKR1,ch10,90,[136. 111. 124.],[132.  70.  73.],123.67,91.67,107.66666666666667,111.0,70.0,70.0,124.0,73.0,117.5
gPO_sBM_cAll_d10_mPO3_ch10,gPO,sBM,cAll,d10,mPO3,ch10,110,[112. 115.],[ 91. 111.],113.5,101.0,107.25,112.0,91.0,91.0,113.5,101.0,111.5
gJB_sBM_cAll_d08_mJB4_ch10,gJB,sBM,cAll,d08,mJB4,ch10,120,[ 70. 144.],[120. 116.],107.0,118.0,112.5,70.0,116.0,70.0,107.0,118.0,118.0
gBR_sBM_cAll_d05_mBR1_ch06,gBR,sBM,cAll,d05,mBR1,ch06,90,[112.  91.  94.],[113.  91.  94.],99.0,99.33,99.16666666666667,91.0,91.0,91.0,94.0,94.0,94.0
gLH_sBM_cAll_d18_mLH4_ch05,gLH,sBM,cAll,d18,mLH4,ch05,120,[123. 144.],[ 70. 120.],133.5,95.0,114.25,123.0,70.0,70.0,133.5,95.0,121.5
gMH_sBM_cAll_d24_mMH3_ch10,gMH,sBM,cAll,d24,mMH3,ch10,110,[ 70. 142.],[144. 113.],106.0,128.5,117.25,70.0,113.0,70.0,106.0,128.5,127.5
gJB_sBM_cAll_d09_mJB5_ch08,gJB,sBM,cAll,d09,mJB5,ch08,130,[70. 71.],[137.  70.],70.5,103.5,87.0,70.0,70.0,70.0,70.5,103.5,70.5
gJS_sBM_cAll_d02_mJS5_ch07,gJS,sBM,cAll,d02,mJS5,ch07,130,[107.  77.],[100. 113.],92.0,106.5,99.25,77.0,100.0,77.0,92.0,106.5,103.5
gWA_sBM_cAll_d26_mWA4_ch08,gWA,sBM,cAll,d26,mWA4,ch08,120,[144. 122.],[131. 130.],133.0,130.5,131.75,122.0,130.0,122.0,133.0,130.5,130.5
gBR_sBM_cAll_d06_mBR4_ch04,gBR,sBM,cAll,d06,mBR4,ch04,120,[144. 116.],[125. 119.],130.0,122.0,126.0,116.0,119.0,116.0,130.0,122.0,122.0
gHO_sBM_cAll_d19_mHO0_ch08,gHO,sBM,cAll,d19,mHO0,ch08,110,[130. 137.],[105. 111.],133.5,108.0,120.75,130.0,105.0,105.0,133.5,108.0,120.5
gPO_sFM_cAll_d10_mPO2_ch03,gPO,sFM,cAll,d10,mPO2,ch03,100,[ 70. 132.  70. 129.  87. 101. 103. 141. 112.],[123.  97.  92. 124. 133.  86.  72.  97. 117.],105.0,104.56,104.77777777777777,70.0,97.0,70.0,103.0,97.0,102.0
gKR_sBM_cAll_d30_mKR2_ch09,gKR,sBM,cAll,d30,mKR2,ch09,100,[115. 126. 118.],[119. 110. 129.],119.67,119.33,119.5,115.0,110.0,110.0,118.0,119.0,118.5
gLO_sFM_cAll_d13_mLO1_ch02,gLO,sFM,cAll,d13,mLO1,ch02,90,[ 84. 129.  94. 144.  87. 124.  97. 109.  76. 118.],[ 96.  89.  97.  94.  89.  91. 142. 142.  93. 125.],106.2,105.8,106.0,76.0,89.0,89.0,103.0,95.0,96.5
gMH_sBM_cAll_d24_mMH5_ch05,gMH,sBM,cAll,d24,mMH5,ch05,130,[128. 127.],[132. 128.],127.5,130.0,128.75,127.0,128.0,128.0,127.5,130.0,128.0
gJS_sBM_cAll_d01_mJS0_ch10,gJS,sBM,cAll,d01,mJS0,ch10,80,[102.  98.  94.],[ 80. 104. 114.],98.0,99.33,98.66666666666667,94.0,80.0,80.0,98.0,104.0,100.0
gWA_sBM_cAll_d26_mWA0_ch03,gWA,sBM,cAll,d26,mWA0,ch03,80,[110.  70. 104.],[111.  86. 128.],94.67,108.33,101.5,70.0,86.0,70.0,104.0,111.0,107.0
gJB_sBM_cAll_d09_mJB3_ch10,gJB,sBM,cAll,d09,mJB3,ch10,110,[138. 120.],[105.  97.],129.0,101.0,115.0,120.0,97.0,97.0,129.0,101.0,112.5
gLO_sBM_cAll_d14_mLO0_ch08,gLO,sBM,cAll,d14,mLO0,ch08,80,[136.  77.  80.],[71. 81. 78.],97.67,76.67,87.16666666666667,77.0,71.0,71.0,80.0,78.0,79.0
gWA_sFM_cAll_d27_mWA4_ch19,gWA,sFM,cAll,d27,mWA4,ch19,120,[119. 113.  93. 144. 115. 109.  79.  91.],[122. 119. 125. 113. 111.  94. 100.  70.],107.88,106.75,107.3125,79.0,70.0,113.0,111.0,112.0,112.0
gLH_sBM_cAll_d17_mLH5_ch09,gLH,sBM,cAll,d17,mLH5,ch09,130,[76. 82.],[131. 132.],79.0,131.5,105.25,76.0,131.0,76.0,79.0,131.5,106.5
gHO_sBM_cAll_d19_mHO2_ch04,gHO,sBM,cAll,d19,mHO2,ch04,120,[ 71. 123.],[117. 121.],97.0,119.0,108.0,71.0,117.0,71.0,97.0,119.0,119.0
gJS_sBM_cAll_d01_mJS3_ch02,gJS,sBM,cAll,d01,mJS3,ch02,110,[115.  84.],[105.  72.],99.5,88.5,94.0,84.0,72.0,72.0,99.5,88.5,94.5
gPO_sBM_cAll_d10_mPO1_ch07,gPO,sBM,cAll,d10,mPO1,ch07,90,[141. 108. 129.],[105. 121.  91.],126.0,105.67,115.83333333333333,108.0,91.0,91.0,129.0,105.0,114.5
gMH_sFM_cAll_d23_mMH0_ch08,gMH,sFM,cAll,d23,mMH0,ch08,80,[118.  71. 127.  81.  84. 104. 137. 128.  83.  90. 130.],[ 99.  99.  86.  82.  78.  93.  80. 100.  94.  78. 126.],104.82,92.27,98.54545454545455,71.0,78.0,78.0,104.0,93.0,93.5
gHO_sBM_cAll_d21_mHO3_ch01,gHO,sBM,cAll,d21,mHO3,ch01,125,[128. 128.],[121. 129.],128.0,125.0,126.5,128.0,121.0,128.0,128.0,125.0,128.0
gHO_sFM_cAll_d21_mHO2_ch17,gHO,sFM,cAll,d21,mHO2,ch17,120,[ 70.  83. 110. 137.  76. 136. 118.  76.],[117. 142. 123. 121. 120. 120. 121. 121.],100.75,123.12,111.9375,76.0,121.0,121.0,96.5,121.0,120.0
gPO_sBM_cAll_d10_mPO1_ch05,gPO,sBM,cAll,d10,mPO1,ch05,90,[92. 70. 99.],[111. 102. 118.],87.0,110.33,98.66666666666667,70.0,102.0,70.0,92.0,111.0,100.5
gWA_sBM_cAll_d25_mWA3_ch02,gWA,sBM,cAll,d25,mWA3,ch02,110,[118. 117.],[108. 124.],117.5,116.0,116.75,117.0,108.0,108.0,117.5,116.0,117.5
gWA_sBM_cAll_d25_mWA0_ch10,gWA,sBM,cAll,d25,mWA0,ch10,80,[ 94.  80. 123.],[ 90.  99. 124.],99.0,104.33,101.66666666666667,80.0,90.0,80.0,94.0,99.0,96.5
gHO_sBM_cAll_d20_mHO4_ch01,gHO,sBM,cAll,d20,mHO4,ch01,130,[133. 125.],[129. 127.],129.0,128.0,128.5,125.0,127.0,125.0,129.0,128.0,128.0
gLH_sBM_cAll_d18_mLH4_ch07,gLH,sBM,cAll,d18,mLH4,ch07,120,[110. 118.],[114. 120.],114.0,117.0,115.5,110.0,114.0,110.0,114.0,117.0,116.0
gJB_sBM_cAll_d09_mJB5_ch06,gJB,sBM,cAll,d09,mJB5,ch06,130,[97. 94.],[ 74. 117.],95.5,95.5,95.5,94.0,74.0,74.0,95.5,95.5,95.5
gJS_sBM_cAll_d03_mJS4_ch06,gJS,sBM,cAll,d03,mJS4,ch06,120,[116. 116.],[ 91. 133.],116.0,112.0,114.0,116.0,91.0,116.0,116.0,112.0,116.0
gJS_sBM_cAll_d02_mJS4_ch03,gJS,sBM,cAll,d02,mJS4,ch03,120,[ 99. 103.],[128.  78.],101.0,103.0,102.0,99.0,78.0,78.0,101.0,103.0,101.0
gMH_sFM_cAll_d22_mMH2_ch03,gMH,sFM,cAll,d22,mMH2,ch03,100,[106.  79.  98.  86.  99. 113.  94. 107. 138.],[102.  98.  96.  99. 100. 102.  98. 116. 105.],102.22,101.78,102.0,79.0,98.0,98.0,99.0,100.0,99.5
gJB_sBM_cAll_d07_mJB2_ch06,gJB,sBM,cAll,d07,mJB2,ch06,100,[ 84.  99. 116.],[83. 85. 70.],99.67,79.33,89.5,84.0,70.0,70.0,99.0,83.0,84.5
gLH_sBM_cAll_d16_mLH1_ch07,gLH,sBM,cAll,d16,mLH1,ch07,90,[82. 89. 88.],[94. 90. 93.],86.33,92.33,89.33333333333333,82.0,90.0,82.0,88.0,93.0,89.5
gPO_sFM_cAll_d10_mPO4_ch05,gPO,sFM,cAll,d10,mPO4,ch05,120,[ 72. 109. 131. 110.  77.  71.  86. 144.],[125. 112. 121. 121. 137.  70. 123. 119.],100.0,116.0,108.0,71.0,121.0,121.0,97.5,121.0,115.5
gLH_sBM_cAll_d16_mLH0_ch01,gLH,sBM,cAll,d16,mLH0,ch01,80,[82. 81. 88.],[ 81. 123. 116.],83.67,106.67,95.16666666666667,81.0,81.0,81.0,82.0,116.0,85.0
gHO_sBM_cAll_d20_mHO0_ch06,gHO,sBM,cAll,d20,mHO0,ch06,110,[70. 72.],[113. 110.],71.0,111.5,91.25,70.0,110.0,70.0,71.0,111.5,91.0
gPO_sBM_cAll_d11_mPO4_ch06,gPO,sBM,cAll,d11,mPO4,ch06,120,[142. 135.],[115. 118.],138.5,116.5,127.5,135.0,115.0,115.0,138.5,116.5,126.5
gKR_sBM_cAll_d30_mKR4_ch10,gKR,sBM,cAll,d30,mKR4,ch10,120,[ 92. 110.],[ 93. 143.],101.0,118.0,109.5,92.0,93.0,92.0,101.0,118.0,101.5
gWA_sBM_cAll_d27_mWA2_ch04,gWA,sBM,cAll,d27,mWA2,ch04,100,[ 92. 107. 117.],[118. 102.  74.],105.33,98.0,101.66666666666667,92.0,74.0,74.0,107.0,102.0,104.5
gKR_sBM_cAll_d29_mKR1_ch05,gKR,sBM,cAll,d29,mKR1,ch05,90,[126. 132.  86.],[144. 138. 133.],114.67,138.33,126.5,86.0,133.0,86.0,126.0,138.0,132.5
gKR_sBM_cAll_d30_mKR5_ch06,gKR,sBM,cAll,d30,mKR5,ch06,130,[99. 94.],[98. 98.],96.5,98.0,97.25,94.0,98.0,98.0,96.5,98.0,98.0
gPO_sBM_cAll_d12_mPO5_ch04,gPO,sBM,cAll,d12,mPO5,ch04,130,[129. 142.],[78. 95.],135.5,86.5,111.0,129.0,78.0,78.0,135.5,86.5,112.0
gPO_sBM_cAll_d10_mPO3_ch06,gPO,sBM,cAll,d10,mPO3,ch06,110,[70. 70.],[128.  91.],70.0,109.5,89.75,70.0,91.0,70.0,70.0,109.5,80.5
gWA_sBM_cAll_d27_mWA2_ch09,gWA,sBM,cAll,d27,mWA2,ch09,100,[ 92. 125.  82.],[116. 127. 144.],99.67,129.0,114.33333333333333,82.0,116.0,82.0,92.0,127.0,120.5
gJB_sBM_cAll_d09_mJB5_ch09,gJB,sBM,cAll,d09,mJB5,ch09,130,[128. 113.],[107.  70.],120.5,88.5,104.5,113.0,70.0,70.0,120.5,88.5,110.0
gJB_sBM_cAll_d09_mJB2_ch03,gJB,sBM,cAll,d09,mJB2,ch03,100,[121. 101.  95.],[110. 100.  72.],105.67,94.0,99.83333333333333,95.0,72.0,72.0,101.0,100.0,100.5
gLO_sBM_cAll_d14_mLO0_ch06,gLO,sBM,cAll,d14,mLO0,ch06,80,[105. 102. 101.],[ 87.  86. 128.],102.67,100.33,101.5,101.0,86.0,86.0,102.0,87.0,101.5
gLO_sBM_cAll_d14_mLO5_ch03,gLO,sBM,cAll,d14,mLO5,ch03,130,[74. 99.],[107.  71.],86.5,89.0,87.75,74.0,71.0,71.0,86.5,89.0,86.5
gKR_sBM_cAll_d30_mKR3_ch06,gKR,sBM,cAll,d30,mKR3,ch06,110,[112. 108.],[113. 112.],110.0,112.5,111.25,108.0,112.0,112.0,110.0,112.5,112.0
gHO_sBM_cAll_d20_mHO4_ch06,gHO,sBM,cAll,d20,mHO4,ch06,130,[ 80. 128.],[129. 129.],104.0,129.0,116.5,80.0,129.0,129.0,104.0,129.0,128.5
gLO_sBM_cAll_d14_mLO4_ch03,gLO,sBM,cAll,d14,mLO4,ch03,120,[128. 118.],[110. 125.],123.0,117.5,120.25,118.0,110.0,110.0,123.0,117.5,121.5
gHO_sBM_cAll_d21_mHO5_ch04,gHO,sBM,cAll,d21,mHO5,ch04,135,[ 71. 135.],[139. 135.],103.0,137.0,120.0,71.0,135.0,135.0,103.0,137.0,135.0
gJB_sBM_cAll_d07_mJB0_ch04,gJB,sBM,cAll,d07,mJB0,ch04,80,[117.  89. 100.],[85. 87. 73.],102.0,81.67,91.83333333333333,89.0,73.0,73.0,100.0,85.0,88.0
gBR_sBM_cAll_d06_mBR5_ch10,gBR,sBM,cAll,d06,mBR5,ch10,130,[131.  99.],[98. 99.],115.0,98.5,106.75,99.0,98.0,99.0,115.0,98.5,99.0
gJB_sBM_cAll_d09_mJB3_ch05,gJB,sBM,cAll,d09,mJB3,ch05,110,[ 76. 142.],[107. 134.],109.0,120.5,114.75,76.0,107.0,76.0,109.0,120.5,120.5
gKR_sFM_cAll_d30_mKR5_ch20,gKR,sFM,cAll,d30,mKR5,ch20,130,[141.  79.  92.  87. 125. 117. 144.],[ 86.  78.  77.  82. 128. 132. 132.],112.14,102.14,107.14285714285714,79.0,132.0,132.0,117.0,86.0,104.5
gMH_sBM_cAll_d23_mMH1_ch01,gMH,sBM,cAll,d23,mMH1,ch01,90,[103.  84.  84.],[90. 90. 88.],90.33,89.33,89.83333333333333,84.0,90.0,84.0,84.0,90.0,89.0
gPO_sBM_cAll_d10_mPO0_ch06,gPO,sBM,cAll,d10,mPO0,ch06,80,[70. 97. 73.],[103. 105. 117.],80.0,108.33,94.16666666666667,70.0,103.0,70.0,73.0,105.0,100.0
gWA_sBM_cAll_d27_mWA5_ch06,gWA,sBM,cAll,d27,mWA5,ch06,130,[126. 112.],[144. 125.],119.0,134.5,126.75,112.0,125.0,112.0,119.0,134.5,125.5
gJB_sBM_cAll_d07_mJB2_ch08,gJB,sBM,cAll,d07,mJB2,ch08,100,[111. 115. 117.],[99. 92. 78.],114.33,89.67,102.0,111.0,78.0,78.0,115.0,92.0,105.0
gLH_sBM_cAll_d16_mLH1_ch04,gLH,sBM,cAll,d16,mLH1,ch04,90,[ 87.  91. 115.],[131.  92.  90.],97.67,104.33,101.0,87.0,90.0,87.0,91.0,92.0,91.5
gPO_sBM_cAll_d10_mPO1_ch01,gPO,sBM,cAll,d10,mPO1,ch01,90,[91. 89. 90.],[89. 90. 90.],90.0,89.67,89.83333333333333,89.0,90.0,90.0,90.0,90.0,90.0
gJB_sBM_cAll_d09_mJB3_ch04,gJB,sBM,cAll,d09,mJB3,ch04,110,[ 79. 135.],[95. 82.],107.0,88.5,97.75,79.0,82.0,79.0,107.0,88.5,88.5
gLH_sBM_cAll_d18_mLH5_ch02,gLH,sBM,cAll,d18,mLH5,ch02,130,[99. 96.],[102. 132.],97.5,117.0,107.25,96.0,102.0,96.0,97.5,117.0,100.5
gKR_sBM_cAll_d29_mKR1_ch08,gKR,sBM,cAll,d29,mKR1,ch08,90,[144. 134. 133.],[106. 115.  96.],137.0,105.67,121.33333333333333,133.0,96.0,96.0,134.0,106.0,124.0
gKR_sBM_cAll_d30_mKR3_ch01,gKR,sBM,cAll,d30,mKR3,ch01,110,[82. 88.],[105. 113.],85.0,109.0,97.0,82.0,105.0,82.0,85.0,109.0,96.5
gLH_sBM_cAll_d17_mLH5_ch07,gLH,sBM,cAll,d17,mLH5,ch07,130,[94. 91.],[132. 125.],92.5,128.5,110.5,91.0,125.0,91.0,92.5,128.5,109.5
gWA_sBM_cAll_d26_mWA5_ch04,gWA,sBM,cAll,d26,mWA5,ch04,130,[104. 137.],[106. 129.],120.5,117.5,119.0,104.0,106.0,104.0,120.5,117.5,117.5
gWA_sBM_cAll_d27_mWA4_ch08,gWA,sBM,cAll,d27,mWA4,ch08,120,[120. 131.],[112. 101.],125.5,106.5,116.0,120.0,101.0,101.0,125.5,106.5,116.0
gLO_sBM_cAll_d15_mLO3_ch06,gLO,sBM,cAll,d15,mLO3,ch06,110,[125. 133.],[82. 82.],129.0,82.0,105.5,125.0,82.0,82.0,129.0,82.0,103.5
gLO_sBM_cAll_d15_mLO2_ch03,gLO,sBM,cAll,d15,mLO2,ch03,100,[125. 111.  90.],[126.  90. 117.],108.67,111.0,109.83333333333333,90.0,90.0,90.0,111.0,117.0,114.0
gJB_sBM_cAll_d09_mJB5_ch07,gJB,sBM,cAll,d09,mJB5,ch07,130,[126. 128.],[110.  98.],127.0,104.0,115.5,126.0,98.0,98.0,127.0,104.0,118.0
gHO_sBM_cAll_d20_mHO5_ch07,gHO,sBM,cAll,d20,mHO5,ch07,135,[132.  70.],[131.  70.],101.0,100.5,100.75,70.0,70.0,70.0,101.0,100.5,100.5
gPO_sBM_cAll_d10_mPO0_ch07,gPO,sBM,cAll,d10,mPO0,ch07,80,[ 82.  75. 111.],[103. 125.  83.],89.33,103.67,96.5,75.0,83.0,75.0,82.0,103.0,93.0
gPO_sBM_cAll_d11_mPO5_ch02,gPO,sBM,cAll,d11,mPO5,ch02,130,[141.  86.],[140. 129.],113.5,134.5,124.0,86.0,129.0,86.0,113.5,134.5,134.5
gJS_sBM_cAll_d03_mJS2_ch03,gJS,sBM,cAll,d03,mJS2,ch03,100,[ 93.  94. 144.],[113.  70. 122.],110.33,101.67,106.0,93.0,70.0,70.0,94.0,113.0,103.5
gJB_sBM_cAll_d08_mJB0_ch03,gJB,sBM,cAll,d08,mJB0,ch03,80,[110.  70. 142.],[ 70. 137. 142.],107.33,116.33,111.83333333333333,70.0,70.0,70.0,110.0,137.0,123.5
gLO_sFM_cAll_d15_mLO4_ch21,gLO,sFM,cAll,d15,mLO4,ch21,120,[144. 107. 102.  83. 142. 111. 103. 144.],[135.  97. 128. 112. 144.  77. 135. 138.],117.0,120.75,118.875,144.0,135.0,144.0,109.0,131.5,120.0
gPO_sBM_cAll_d11_mPO0_ch10,gPO,sBM,cAll,d11,mPO0,ch10,80,[102. 107. 144.],[118. 104.  84.],117.67,102.0,109.83333333333333,102.0,84.0,84.0,107.0,104.0,105.5
gJB_sBM_cAll_d08_mJB4_ch01,gJB,sBM,cAll,d08,mJB4,ch01,120,[73. 76.],[137. 130.],74.5,133.5,104.0,73.0,130.0,73.0,74.5,133.5,103.0
gKR_sBM_cAll_d28_mKR2_ch01,gKR,sBM,cAll,d28,mKR2,ch01,100,[124. 130. 132.],[144.  99. 111.],128.67,118.0,123.33333333333333,124.0,99.0,99.0,130.0,111.0,127.0
gKR_sBM_cAll_d30_mKR2_ch01,gKR,sBM,cAll,d30,mKR2,ch01,100,[ 82.  75. 144.],[108. 101.  92.],100.33,100.33,100.33333333333333,75.0,92.0,75.0,82.0,101.0,96.5
gKR_sBM_cAll_d28_mKR3_ch02,gKR,sBM,cAll,d28,mKR3,ch02,110,[106. 111.],[109. 111.],108.5,110.0,109.25,106.0,109.0,111.0,108.5,110.0,110.0
gPO_sBM_cAll_d10_mPO2_ch01,gPO,sBM,cAll,d10,mPO2,ch01,100,[ 99. 102. 101.],[ 93. 101.  74.],100.67,89.33,95.0,99.0,74.0,101.0,101.0,93.0,100.0
gLO_sBM_cAll_d13_mLO1_ch01,gLO,sBM,cAll,d13,mLO1,ch01,90,[126.  86. 123.],[144. 139. 119.],111.67,134.0,122.83333333333333,86.0,119.0,86.0,123.0,139.0,124.5
gMH_sBM_cAll_d22_mMH0_ch01,gMH,sBM,cAll,d22,mMH0,ch01,80,[96. 80. 82.],[108.  80.  94.],86.0,94.0,90.0,80.0,80.0,80.0,82.0,94.0,88.0
gMH_sBM_cAll_d24_mMH2_ch07,gMH,sBM,cAll,d24,mMH2,ch07,100,[106. 101. 144.],[103. 101.  95.],117.0,99.67,108.33333333333333,101.0,95.0,101.0,106.0,101.0,102.0
gWA_sBM_cAll_d25_mWA3_ch09,gWA,sBM,cAll,d25,mWA3,ch09,110,[106. 112.],[104.  97.],109.0,100.5,104.75,106.0,97.0,97.0,109.0,100.5,105.0
gPO_sBM_cAll_d11_mPO4_ch09,gPO,sBM,cAll,d11,mPO4,ch09,120,[110. 104.],[126.  89.],107.0,107.5,107.25,104.0,89.0,89.0,107.0,107.5,107.0
gLO_sBM_cAll_d14_mLO0_ch04,gLO,sBM,cAll,d14,mLO0,ch04,80,[123. 133. 108.],[ 99.  80. 131.],121.33,103.33,112.33333333333333,108.0,80.0,80.0,123.0,99.0,115.5
gJS_sBM_cAll_d03_mJS3_ch10,gJS,sBM,cAll,d03,mJS3,ch10,110,[111. 144.],[ 88. 112.],127.5,100.0,113.75,111.0,88.0,88.0,127.5,100.0,111.5
gHO_sBM_cAll_d21_mHO5_ch08,gHO,sBM,cAll,d21,mHO5,ch08,135,[144. 100.],[134. 104.],122.0,119.0,120.5,100.0,104.0,100.0,122.0,119.0,119.0
gPO_sFM_cAll_d10_mPO5_ch06,gPO,sFM,cAll,d10,mPO5,ch06,130,[107.  99. 109.  93.  75.  97. 129.],[109.  84. 129. 134.  70. 130.  70.],101.29,103.71,102.5,75.0,70.0,70.0,99.0,109.0,103.0
gBR_sBM_cAll_d04_mBR3_ch03,gBR,sBM,cAll,d04,mBR3,ch03,110,[107. 110.],[108. 110.],108.5,109.0,108.75,107.0,108.0,110.0,108.5,109.0,109.0
gWA_sBM_cAll_d27_mWA5_ch04,gWA,sBM,cAll,d27,mWA5,ch04,130,[ 96. 115.],[102.  82.],105.5,92.0,98.75,96.0,82.0,82.0,105.5,92.0,99.0
gMH_sBM_cAll_d24_mMH5_ch04,gMH,sBM,cAll,d24,mMH5,ch04,130,[131. 131.],[135.  82.],131.0,108.5,119.75,131.0,82.0,131.0,131.0,108.5,131.0
gKR_sBM_cAll_d30_mKR3_ch04,gKR,sBM,cAll,d30,mKR3,ch04,110,[142. 114.],[118. 112.],128.0,115.0,121.5,114.0,112.0,112.0,128.0,115.0,116.0
gWA_sBM_cAll_d26_mWA0_ch01,gWA,sBM,cAll,d26,mWA0,ch01,80,[ 88.  92. 116.],[ 99.  97. 104.],98.67,100.0,99.33333333333333,88.0,97.0,88.0,92.0,99.0,98.0
gLH_sFM_cAll_d17_mLH3_ch11,gLH,sFM,cAll,d17,mLH3,ch11,110,[144.  88. 106. 110. 133. 106. 116.  89.],[112. 123. 101. 116.  99. 116.  99. 100.],111.5,108.25,109.875,106.0,99.0,116.0,108.0,106.5,108.0
gPO_sBM_cAll_d11_mPO4_ch08,gPO,sBM,cAll,d11,mPO4,ch08,120,[111. 121.],[79. 94.],116.0,86.5,101.25,111.0,79.0,79.0,116.0,86.5,102.5
gMH_sBM_cAll_d24_mMH3_ch01,gMH,sBM,cAll,d24,mMH3,ch01,110,[116. 111.],[135. 114.],113.5,124.5,119.0,111.0,114.0,111.0,113.5,124.5,115.0
gJB_sBM_cAll_d09_mJB4_ch05,gJB,sBM,cAll,d09,mJB4,ch05,120,[ 95. 104.],[ 70. 144.],99.5,107.0,103.25,95.0,70.0,70.0,99.5,107.0,99.5
gJB_sBM_cAll_d07_mJB1_ch02,gJB,sBM,cAll,d07,mJB1,ch02,90,[ 73. 144. 131.],[129. 144.  70.],116.0,114.33,115.16666666666667,73.0,70.0,144.0,131.0,129.0,130.0
gKR_sBM_cAll_d30_mKR3_ch07,gKR,sBM,cAll,d30,mKR3,ch07,110,[144. 143.],[131. 113.],143.5,122.0,132.75,143.0,113.0,113.0,143.5,122.0,137.0
gMH_sFM_cAll_d24_mMH5_ch20,gMH,sFM,cAll,d24,mMH5,ch20,130,[138. 108.  96. 120. 113. 129. 129.],[141. 114.  86.  85.  81. 128.  84.],119.0,102.71,110.85714285714286,129.0,81.0,129.0,120.0,86.0,113.5
gKR_sBM_cAll_d28_mKR0_ch06,gKR,sBM,cAll,d28,mKR0,ch06,80,[80. 79. 75.],[123. 121. 122.],78.0,122.0,100.0,75.0,121.0,75.0,79.0,122.0,100.5
gHO_sBM_cAll_d20_mHO5_ch05,gHO,sBM,cAll,d20,mHO5,ch05,135,[136. 133.],[112. 137.],134.5,124.5,129.5,133.0,112.0,112.0,134.5,124.5,134.5
gHO_sFM_cAll_d19_mHO2_ch07,gHO,sFM,cAll,d19,mHO2,ch07,120,[133. 110. 117. 114. 125. 106. 126.  72.],[120. 116. 125. 123. 116. 127. 118. 144.],112.88,123.62,118.25,72.0,116.0,116.0,115.5,121.5,119.0
gHO_sBM_cAll_d19_mHO1_ch02,gHO,sBM,cAll,d19,mHO1,ch02,115,[105. 114.],[106. 114.],109.5,110.0,109.75,105.0,106.0,114.0,109.5,110.0,110.0
gPO_sBM_cAll_d11_mPO4_ch05,gPO,sBM,cAll,d11,mPO4,ch05,120,[104.  94.],[105. 121.],99.0,113.0,106.0,94.0,105.0,94.0,99.0,113.0,104.5
gWA_sBM_cAll_d25_mWA2_ch05,gWA,sBM,cAll,d25,mWA2,ch05,100,[78. 74. 76.],[144. 125. 127.],76.0,132.0,104.0,74.0,125.0,74.0,76.0,127.0,101.5
gLO_sBM_cAll_d15_mLO3_ch09,gLO,sBM,cAll,d15,mLO3,ch09,110,[141. 119.],[86. 81.],130.0,83.5,106.75,119.0,81.0,81.0,130.0,83.5,102.5
gKR_sBM_cAll_d28_mKR0_ch08,gKR,sBM,cAll,d28,mKR0,ch08,80,[100. 100. 100.],[81. 81. 80.],100.0,80.67,90.33333333333333,100.0,81.0,100.0,100.0,81.0,90.5
gHO_sBM_cAll_d19_mHO0_ch01,gHO,sBM,cAll,d19,mHO0,ch01,110,[71. 81.],[105. 108.],76.0,106.5,91.25,71.0,105.0,71.0,76.0,106.5,93.0
gLH_sBM_cAll_d17_mLH1_ch05,gLH,sBM,cAll,d17,mLH1,ch05,90,[106. 107. 124.],[ 74.  91. 112.],112.33,92.33,102.33333333333333,106.0,74.0,74.0,107.0,91.0,106.5
gPO_sBM_cAll_d10_mPO2_ch04,gPO,sBM,cAll,d10,mPO2,ch04,100,[102.  91. 128.],[ 73.  81. 144.],107.0,99.33,103.16666666666667,91.0,73.0,73.0,102.0,81.0,96.5
gWA_sBM_cAll_d25_mWA1_ch02,gWA,sBM,cAll,d25,mWA1,ch02,90,[105. 129.  93.],[85. 97. 85.],109.0,89.0,99.0,93.0,85.0,85.0,105.0,85.0,95.0
gPO_sBM_cAll_d11_mPO0_ch04,gPO,sBM,cAll,d11,mPO0,ch04,80,[144.  92.  70.],[138. 125. 124.],102.0,129.0,115.5,70.0,124.0,70.0,92.0,125.0,124.5
gJB_sBM_cAll_d09_mJB5_ch01,gJB,sBM,cAll,d09,mJB5,ch01,130,[128. 112.],[144. 117.],120.0,130.5,125.25,112.0,117.0,112.0,120.0,130.5,122.5
gPO_sBM_cAll_d10_mPO0_ch08,gPO,sBM,cAll,d10,mPO0,ch08,80,[ 76. 142. 104.],[ 83. 105.  83.],107.33,90.33,98.83333333333333,76.0,83.0,83.0,104.0,83.0,93.5
gJS_sBM_cAll_d02_mJS1_ch05,gJS,sBM,cAll,d02,mJS1,ch05,90,[115. 133. 102.],[ 90. 144.  87.],116.67,107.0,111.83333333333333,102.0,87.0,87.0,115.0,90.0,108.5
gJS_sBM_cAll_d02_mJS1_ch02,gJS,sBM,cAll,d02,mJS1,ch02,90,[129. 139. 106.],[87. 72. 97.],124.67,85.33,105.0,106.0,72.0,72.0,129.0,87.0,101.5
gLH_sFM_cAll_d18_mLH3_ch18,gLH,sFM,cAll,d18,mLH3,ch18,110,[115. 105. 108. 126.  95. 101. 133.  85.],[ 96. 139.  74. 133. 113. 120.  74. 135.],108.5,110.5,109.5,85.0,74.0,74.0,106.5,116.5,110.5
gLH_sBM_cAll_d18_mLH3_ch09,gLH,sBM,cAll,d18,mLH3,ch09,110,[115. 115.],[115. 112.],115.0,113.5,114.25,115.0,112.0,115.0,115.0,113.5,115.0
gPO_sBM_cAll_d10_mPO3_ch09,gPO,sBM,cAll,d10,mPO3,ch09,110,[ 97. 102.],[ 83. 119.],99.5,101.0,100.25,97.0,83.0,83.0,99.5,101.0,99.5
gLH_sBM_cAll_d16_mLH0_ch10,gLH,sBM,cAll,d16,mLH0,ch10,80,[ 79.  84. 109.],[104. 141.  85.],90.67,110.0,100.33333333333333,79.0,85.0,79.0,84.0,104.0,94.5
gLH_sBM_cAll_d18_mLH2_ch08,gLH,sBM,cAll,d18,mLH2,ch08,100,[ 98. 124.  70.],[131. 144.  84.],97.33,119.67,108.5,70.0,84.0,70.0,98.0,131.0,111.0
gPO_sBM_cAll_d12_mPO2_ch07,gPO,sBM,cAll,d12,mPO2,ch07,100,[ 70. 100.  70.],[124.  92.  82.],80.0,99.33,89.66666666666667,70.0,82.0,70.0,70.0,92.0,87.0
gHO_sBM_cAll_d20_mHO4_ch03,gHO,sBM,cAll,d20,mHO4,ch03,130,[101.  97.],[131. 128.],99.0,129.5,114.25,97.0,128.0,97.0,99.0,129.5,114.5
gPO_sBM_cAll_d11_mPO1_ch08,gPO,sBM,cAll,d11,mPO1,ch08,90,[120.  92.  88.],[102. 112. 130.],100.0,114.67,107.33333333333333,88.0,102.0,88.0,92.0,112.0,107.0
gPO_sBM_cAll_d11_mPO4_ch01,gPO,sBM,cAll,d11,mPO4,ch01,120,[117. 121.],[113. 120.],119.0,116.5,117.75,117.0,113.0,113.0,119.0,116.5,118.5
gJS_sBM_cAll_d01_mJS1_ch10,gJS,sBM,cAll,d01,mJS1,ch10,90,[125.  82. 109.],[ 85.  89. 144.],105.33,106.0,105.66666666666667,82.0,85.0,82.0,109.0,89.0,99.0
gLH_sBM_cAll_d17_mLH5_ch01,gLH,sBM,cAll,d17,mLH5,ch01,130,[98. 97.],[ 76. 128.],97.5,102.0,99.75,97.0,76.0,76.0,97.5,102.0,97.5
gJS_sBM_cAll_d03_mJS5_ch06,gJS,sBM,cAll,d03,mJS5,ch06,130,[128.  96.],[ 86. 136.],112.0,111.0,111.5,96.0,86.0,86.0,112.0,111.0,112.0
gMH_sBM_cAll_d23_mMH5_ch07,gMH,sBM,cAll,d23,mMH5,ch07,130,[98. 74.],[129. 129.],86.0,129.0,107.5,74.0,129.0,129.0,86.0,129.0,113.5
gLH_sFM_cAll_d18_mLH0_ch15,gLH,sFM,cAll,d18,mLH0,ch15,80,[109. 117. 144. 144.  94. 100.  94. 128. 143. 140. 114.],[115.  93. 102.  86.  82.  76.  88.  91.  95. 136.  70.],120.64,94.0,107.31818181818181,94.0,70.0,94.0,117.0,91.0,101.0
gPO_sBM_cAll_d10_mPO1_ch04,gPO,sBM,cAll,d10,mPO1,ch04,90,[105.  79. 119.],[101. 107. 103.],101.0,103.67,102.33333333333333,79.0,101.0,79.0,105.0,103.0,104.0
gKR_sBM_cAll_d28_mKR3_ch01,gKR,sBM,cAll,d28,mKR3,ch01,110,[ 88. 139.],[112. 110.],113.5,111.0,112.25,88.0,110.0,88.0,113.5,111.0,111.0
gJB_sBM_cAll_d07_mJB3_ch08,gJB,sBM,cAll,d07,mJB3,ch08,110,[ 86. 110.],[122.  70.],98.0,96.0,97.0,86.0,70.0,70.0,98.0,96.0,98.0
gKR_sBM_cAll_d30_mKR5_ch02,gKR,sBM,cAll,d30,mKR5,ch02,130,[100.  97.],[129. 130.],98.5,129.5,114.0,97.0,129.0,97.0,98.5,129.5,114.5
gLH_sBM_cAll_d17_mLH1_ch03,gLH,sBM,cAll,d17,mLH1,ch03,90,[127.  93. 113.],[124. 132.  86.],111.0,114.0,112.5,93.0,86.0,86.0,113.0,124.0,118.5
gLO_sBM_cAll_d15_mLO5_ch09,gLO,sBM,cAll,d15,mLO5,ch09,130,[ 99. 141.],[100.  99.],120.0,99.5,109.75,99.0,99.0,99.0,120.0,99.5,99.5
gMH_sBM_cAll_d23_mMH5_ch08,gMH,sBM,cAll,d23,mMH5,ch08,130,[102. 127.],[126. 129.],114.5,127.5,121.0,102.0,126.0,102.0,114.5,127.5,126.5
gBR_sBM_cAll_d04_mBR2_ch09,gBR,sBM,cAll,d04,mBR2,ch09,100,[124. 123. 117.],[100.  98.  89.],121.33,95.67,108.5,117.0,89.0,89.0,123.0,98.0,108.5
gMH_sBM_cAll_d22_mMH1_ch04,gMH,sBM,cAll,d22,mMH1,ch04,90,[94. 88. 89.],[ 91. 109.  80.],90.33,93.33,91.83333333333333,88.0,80.0,80.0,89.0,91.0,90.0
gLO_sBM_cAll_d13_mLO0_ch09,gLO,sBM,cAll,d13,mLO0,ch09,80,[124. 125. 115.],[91. 83. 79.],121.33,84.33,102.83333333333333,115.0,79.0,79.0,124.0,83.0,103.0
gLH_sBM_cAll_d17_mLH0_ch08,gLH,sBM,cAll,d17,mLH0,ch08,80,[121. 126.  81.],[ 95.  81. 141.],109.33,105.67,107.5,81.0,81.0,81.0,121.0,95.0,108.0
gWA_sBM_cAll_d27_mWA4_ch01,gWA,sBM,cAll,d27,mWA4,ch01,120,[114. 108.],[ 86. 103.],111.0,94.5,102.75,108.0,86.0,86.0,111.0,94.5,105.5
gHO_sBM_cAll_d21_mHO2_ch05,gHO,sBM,cAll,d21,mHO2,ch05,120,[120.  96.],[117. 121.],108.0,119.0,113.5,96.0,117.0,96.0,108.0,119.0,118.5
gLH_sBM_cAll_d17_mLH4_ch07,gLH,sBM,cAll,d17,mLH4,ch07,120,[142.  94.],[ 85. 117.],118.0,101.0,109.5,94.0,85.0,85.0,118.0,101.0,105.5
gBR_sBM_cAll_d04_mBR0_ch04,gBR,sBM,cAll,d04,mBR0,ch04,80,[ 97. 119. 100.],[82. 80. 79.],105.33,80.33,92.83333333333333,97.0,79.0,79.0,100.0,80.0,89.5
gHO_sBM_cAll_d21_mHO4_ch03,gHO,sBM,cAll,d21,mHO4,ch03,130,[92. 98.],[ 99. 130.],95.0,114.5,104.75,92.0,99.0,92.0,95.0,114.5,98.5
gMH_sBM_cAll_d24_mMH4_ch04,gMH,sBM,cAll,d24,mMH4,ch04,120,[122. 120.],[84. 74.],121.0,79.0,100.0,120.0,74.0,74.0,121.0,79.0,102.0
gLH_sFM_cAll_d17_mLH4_ch12,gLH,sFM,cAll,d17,mLH4,ch12,120,[ 93. 117.  80. 136. 109. 139. 117.  98.],[ 92. 121. 124.  73.  79. 129. 122.  70.],111.12,101.25,106.1875,117.0,70.0,117.0,113.0,106.5,113.0
gKR_sBM_cAll_d29_mKR0_ch08,gKR,sBM,cAll,d29,mKR0,ch08,80,[133. 125. 116.],[ 95. 102. 121.],124.67,106.0,115.33333333333333,116.0,95.0,95.0,125.0,102.0,118.5
gPO_sBM_cAll_d11_mPO4_ch07,gPO,sBM,cAll,d11,mPO4,ch07,120,[134.  87.],[ 82. 120.],110.5,101.0,105.75,87.0,82.0,82.0,110.5,101.0,103.5
gLH_sBM_cAll_d18_mLH2_ch10,gLH,sBM,cAll,d18,mLH2,ch10,100,[118. 103. 101.],[ 73. 104.  70.],107.33,82.33,94.83333333333333,101.0,70.0,70.0,103.0,73.0,102.0
gBR_sBM_cAll_d05_mBR5_ch01,gBR,sBM,cAll,d05,mBR5,ch01,130,[ 70. 121.],[144. 110.],95.5,127.0,111.25,70.0,110.0,70.0,95.5,127.0,115.5
gLH_sBM_cAll_d18_mLH3_ch04,gLH,sBM,cAll,d18,mLH3,ch04,110,[111.  78.],[100. 109.],94.5,104.5,99.5,78.0,100.0,78.0,94.5,104.5,104.5
gBR_sBM_cAll_d04_mBR0_ch09,gBR,sBM,cAll,d04,mBR0,ch09,80,[ 95. 114. 139.],[71. 84. 82.],116.0,79.0,97.5,95.0,71.0,71.0,114.0,82.0,89.5
gJS_sBM_cAll_d03_mJS3_ch02,gJS,sBM,cAll,d03,mJS3,ch02,110,[144. 135.],[109. 120.],139.5,114.5,127.0,135.0,109.0,109.0,139.5,114.5,127.5
gJB_sFM_cAll_d07_mJB4_ch05,gJB,sFM,cAll,d07,mJB4,ch05,120,[127. 143. 116. 144. 109.  82.  75.  71.],[114. 105.  70. 137. 102. 113. 124. 101.],108.38,108.25,108.3125,71.0,70.0,70.0,112.5,109.0,111.0
gLH_sBM_cAll_d17_mLH5_ch03,gLH,sBM,cAll,d17,mLH5,ch03,130,[ 70. 130.],[ 70. 129.],100.0,99.5,99.75,70.0,70.0,70.0,100.0,99.5,99.5
gWA_sBM_cAll_d26_mWA0_ch02,gWA,sBM,cAll,d26,mWA0,ch02,80,[109.  80.  96.],[144. 131. 141.],95.0,138.67,116.83333333333333,80.0,131.0,80.0,96.0,141.0,120.0
gJS_sBM_cAll_d01_mJS0_ch05,gJS,sBM,cAll,d01,mJS0,ch05,80,[70. 97. 84.],[130.  96. 144.],83.67,123.33,103.5,70.0,96.0,70.0,84.0,130.0,96.5
gLH_sBM_cAll_d17_mLH4_ch06,gLH,sBM,cAll,d17,mLH4,ch06,120,[144. 122.],[120. 118.],133.0,119.0,126.0,122.0,118.0,118.0,133.0,119.0,121.0
gJB_sBM_cAll_d07_mJB2_ch10,gJB,sBM,cAll,d07,mJB2,ch10,100,[ 78. 102. 135.],[ 97. 136. 139.],105.0,124.0,114.5,78.0,97.0,78.0,102.0,136.0,118.5
gBR_sBM_cAll_d06_mBR4_ch10,gBR,sBM,cAll,d06,mBR4,ch10,120,[127. 124.],[95. 88.],125.5,91.5,108.5,124.0,88.0,88.0,125.5,91.5,109.5
gHO_sBM_cAll_d19_mHO3_ch03,gHO,sBM,cAll,d19,mHO3,ch03,125,[ 99. 124.],[123. 124.],111.5,123.5,117.5,99.0,123.0,124.0,111.5,123.5,123.5
gMH_sBM_cAll_d24_mMH2_ch02,gMH,sBM,cAll,d24,mMH2,ch02,100,[116.  87.  70.],[120. 115. 123.],91.0,119.33,105.16666666666667,70.0,115.0,70.0,87.0,120.0,115.5
gKR_sBM_cAll_d30_mKR2_ch07,gKR,sBM,cAll,d30,mKR2,ch07,100,[ 93. 144. 101.],[91. 99. 96.],112.67,95.33,104.0,93.0,91.0,91.0,101.0,96.0,97.5
gJS_sBM_cAll_d03_mJS5_ch07,gJS,sBM,cAll,d03,mJS5,ch07,130,[ 70. 130.],[111. 131.],100.0,121.0,110.5,70.0,111.0,70.0,100.0,121.0,120.5
gHO_sBM_cAll_d21_mHO5_ch02,gHO,sBM,cAll,d21,mHO5,ch02,135,[132. 134.],[131. 133.],133.0,132.0,132.5,132.0,131.0,131.0,133.0,132.0,132.5
gPO_sBM_cAll_d10_mPO2_ch02,gPO,sBM,cAll,d10,mPO2,ch02,100,[91. 70. 70.],[144. 100.  95.],77.0,113.0,95.0,70.0,95.0,70.0,70.0,100.0,93.0
gWA_sBM_cAll_d27_mWA2_ch06,gWA,sBM,cAll,d27,mWA2,ch06,100,[119.  80. 103.],[111. 144. 109.],100.67,121.33,111.0,80.0,109.0,80.0,103.0,111.0,110.0
gHO_sBM_cAll_d20_mHO5_ch09,gHO,sBM,cAll,d20,mHO5,ch09,135,[132.  70.],[131. 136.],101.0,133.5,117.25,70.0,131.0,70.0,101.0,133.5,131.5
gKR_sBM_cAll_d28_mKR2_ch05,gKR,sBM,cAll,d28,mKR2,ch05,100,[105.  99. 144.],[142.  99.  70.],116.0,103.67,109.83333333333333,99.0,70.0,99.0,105.0,99.0,102.0
gJB_sBM_cAll_d09_mJB3_ch02,gJB,sBM,cAll,d09,mJB3,ch02,110,[116. 121.],[116. 104.],118.5,110.0,114.25,116.0,104.0,116.0,118.5,110.0,116.0
gLH_sBM_cAll_d17_mLH4_ch02,gLH,sBM,cAll,d17,mLH4,ch02,120,[117. 119.],[115.  87.],118.0,101.0,109.5,117.0,87.0,87.0,118.0,101.0,116.0
gBR_sFM_cAll_d06_mBR1_ch15,gBR,sFM,cAll,d06,mBR1,ch15,90,[ 96. 124. 115.  76.  75. 115. 131.  81. 116. 110.],[ 96.  90.  86. 121.  93.  93.  91.  89.  85. 131.],103.9,97.5,100.7,115.0,93.0,93.0,112.5,92.0,94.5
gBR_sBM_cAll_d06_mBR2_ch01,gBR,sBM,cAll,d06,mBR2,ch01,100,[102.  77.  80.],[105. 101.  90.],86.33,98.67,92.5,77.0,90.0,77.0,80.0,101.0,95.5
gKR_sBM_cAll_d29_mKR5_ch02,gKR,sBM,cAll,d29,mKR5,ch02,130,[88. 73.],[ 71. 131.],80.5,101.0,90.75,73.0,71.0,71.0,80.5,101.0,80.5
gKR_sBM_cAll_d28_mKR0_ch07,gKR,sBM,cAll,d28,mKR0,ch07,80,[127.  81. 141.],[116.  83. 120.],116.33,106.33,111.33333333333333,81.0,83.0,81.0,127.0,116.0,118.0
gKR_sBM_cAll_d28_mKR0_ch04,gKR,sBM,cAll,d28,mKR0,ch04,80,[ 70. 125.  71.],[86. 77. 80.],88.67,81.0,84.83333333333333,70.0,77.0,70.0,71.0,80.0,78.5
gJB_sBM_cAll_d07_mJB3_ch04,gJB,sBM,cAll,d07,mJB3,ch04,110,[ 96. 111.],[122.  75.],103.5,98.5,101.0,96.0,75.0,75.0,103.5,98.5,103.5
gBR_sBM_cAll_d05_mBR0_ch02,gBR,sBM,cAll,d05,mBR0,ch02,80,[ 94. 102. 142.],[ 86.  80. 121.],112.67,95.67,104.16666666666667,94.0,80.0,80.0,102.0,86.0,98.0
gWA_sBM_cAll_d26_mWA1_ch01,gWA,sBM,cAll,d26,mWA1,ch01,90,[ 98. 141. 104.],[118. 106. 139.],114.33,121.0,117.66666666666667,98.0,106.0,98.0,104.0,118.0,112.0
gKR_sBM_cAll_d29_mKR0_ch05,gKR,sBM,cAll,d29,mKR0,ch05,80,[110. 124. 135.],[144. 126. 144.],123.0,138.0,130.5,110.0,144.0,144.0,124.0,144.0,130.5
gLO_sBM_cAll_d14_mLO4_ch09,gLO,sBM,cAll,d14,mLO4,ch09,120,[101.  76.],[ 92. 125.],88.5,108.5,98.5,76.0,92.0,76.0,88.5,108.5,96.5
gMH_sBM_cAll_d22_mMH0_ch03,gMH,sBM,cAll,d22,mMH0,ch03,80,[84. 79. 78.],[73. 80. 78.],80.33,77.0,78.66666666666667,78.0,73.0,78.0,79.0,78.0,78.5
gKR_sBM_cAll_d28_mKR3_ch04,gKR,sBM,cAll,d28,mKR3,ch04,110,[113. 109.],[144. 107.],111.0,125.5,118.25,109.0,107.0,107.0,111.0,125.5,111.0
gHO_sBM_cAll_d21_mHO3_ch02,gHO,sBM,cAll,d21,mHO3,ch02,125,[144.  70.],[144. 124.],107.0,134.0,120.5,70.0,124.0,144.0,107.0,134.0,134.0
gPO_sBM_cAll_d10_mPO0_ch10,gPO,sBM,cAll,d10,mPO0,ch10,80,[70. 71. 76.],[85. 89. 75.],72.33,83.0,77.66666666666667,70.0,75.0,70.0,71.0,85.0,75.5
gJS_sBM_cAll_d02_mJS1_ch03,gJS,sBM,cAll,d02,mJS1,ch03,90,[108. 144. 100.],[119.  73.  83.],117.33,91.67,104.5,100.0,73.0,73.0,108.0,83.0,104.0
gJS_sBM_cAll_d03_mJS4_ch08,gJS,sBM,cAll,d03,mJS4,ch08,120,[126. 120.],[120. 118.],123.0,119.0,121.0,120.0,118.0,120.0,123.0,119.0,120.0
gHO_sBM_cAll_d21_mHO5_ch01,gHO,sBM,cAll,d21,mHO5,ch01,135,[131. 135.],[ 95. 135.],133.0,115.0,124.0,131.0,95.0,135.0,133.0,115.0,133.0
gLO_sBM_cAll_d15_mLO2_ch07,gLO,sBM,cAll,d15,mLO2,ch07,100,[106. 101. 133.],[ 87.  95. 131.],113.33,104.33,108.83333333333333,101.0,87.0,87.0,106.0,95.0,103.5
gHO_sBM_cAll_d19_mHO0_ch04,gHO,sBM,cAll,d19,mHO0,ch04,110,[144. 110.],[103. 109.],127.0,106.0,116.5,110.0,103.0,103.0,127.0,106.0,109.5
gHO_sBM_cAll_d20_mHO0_ch03,gHO,sBM,cAll,d20,mHO0,ch03,110,[94. 81.],[110. 107.],87.5,108.5,98.0,81.0,107.0,81.0,87.5,108.5,100.5
gJB_sBM_cAll_d09_mJB4_ch04,gJB,sBM,cAll,d09,mJB4,ch04,120,[117. 106.],[144. 134.],111.5,139.0,125.25,106.0,134.0,106.0,111.5,139.0,125.5
gBR_sBM_cAll_d04_mBR1_ch02,gBR,sBM,cAll,d04,mBR1,ch02,90,[107.  90.  90.],[125. 137. 102.],95.67,121.33,108.5,90.0,102.0,90.0,90.0,125.0,104.5
gHO_sBM_cAll_d20_mHO1_ch07,gHO,sBM,cAll,d20,mHO1,ch07,115,[ 70. 115.],[116. 115.],92.5,115.5,104.0,70.0,115.0,115.0,92.5,115.5,115.0
gLO_sBM_cAll_d13_mLO0_ch07,gLO,sBM,cAll,d13,mLO0,ch07,80,[140.  82.  83.],[85. 81. 78.],101.67,81.33,91.5,82.0,78.0,78.0,83.0,81.0,82.5
gPO_sBM_cAll_d10_mPO1_ch08,gPO,sBM,cAll,d10,mPO1,ch08,90,[126. 144. 140.],[95. 93. 93.],136.67,93.67,115.16666666666667,126.0,93.0,93.0,140.0,93.0,110.5
gPO_sBM_cAll_d11_mPO5_ch10,gPO,sBM,cAll,d11,mPO5,ch10,130,[114. 133.],[112. 101.],123.5,106.5,115.0,114.0,101.0,101.0,123.5,106.5,113.0
gHO_sBM_cAll_d19_mHO3_ch08,gHO,sBM,cAll,d19,mHO3,ch08,125,[144. 133.],[ 99. 127.],138.5,113.0,125.75,133.0,99.0,99.0,138.5,113.0,130.0
gHO_sBM_cAll_d21_mHO5_ch07,gHO,sBM,cAll,d21,mHO5,ch07,135,[ 74. 135.],[136. 133.],104.5,134.5,119.5,74.0,133.0,74.0,104.5,134.5,134.0
gLO_sFM_cAll_d15_mLO0_ch15,gLO,sFM,cAll,d15,mLO0,ch15,80,[139. 104. 105.  77. 104.  81. 136. 142. 123. 119. 130.],[ 88.  76. 110. 100.  89.  84. 123. 112. 144.  81.  86.],114.55,99.36,106.95454545454545,104.0,76.0,81.0,119.0,89.0,104.5
gJS_sBM_cAll_d03_mJS4_ch09,gJS,sBM,cAll,d03,mJS4,ch09,120,[85. 91.],[125.  79.],88.0,102.0,95.0,85.0,79.0,79.0,88.0,102.0,88.0
gLO_sBM_cAll_d13_mLO1_ch04,gLO,sBM,cAll,d13,mLO1,ch04,90,[136.  99.  94.],[144.  76.  88.],109.67,102.67,106.16666666666667,94.0,76.0,76.0,99.0,88.0,96.5
gLH_sBM_cAll_d18_mLH2_ch07,gLH,sBM,cAll,d18,mLH2,ch07,100,[ 95. 100.  85.],[ 93. 102.  96.],93.33,97.0,95.16666666666667,85.0,93.0,85.0,95.0,96.0,95.5
gMH_sBM_cAll_d23_mMH5_ch02,gMH,sBM,cAll,d23,mMH5,ch02,130,[ 90. 144.],[116. 129.],117.0,122.5,119.75,90.0,116.0,90.0,117.0,122.5,122.5
gBR_sBM_cAll_d04_mBR3_ch06,gBR,sBM,cAll,d04,mBR3,ch06,110,[91. 84.],[111. 114.],87.5,112.5,100.0,84.0,111.0,84.0,87.5,112.5,101.0
gLO_sBM_cAll_d13_mLO3_ch09,gLO,sBM,cAll,d13,mLO3,ch09,110,[ 90. 140.],[132. 136.],115.0,134.0,124.5,90.0,132.0,90.0,115.0,134.0,134.0
gHO_sBM_cAll_d19_mHO0_ch05,gHO,sBM,cAll,d19,mHO0,ch05,110,[144. 109.],[104. 110.],126.5,107.0,116.75,109.0,104.0,104.0,126.5,107.0,109.5
gMH_sBM_cAll_d22_mMH3_ch04,gMH,sBM,cAll,d22,mMH3,ch04,110,[111. 110.],[107. 109.],110.5,108.0,109.25,110.0,107.0,107.0,110.5,108.0,109.5
gLH_sBM_cAll_d16_mLH0_ch09,gLH,sBM,cAll,d16,mLH0,ch09,80,[125.  88. 125.],[75. 82. 96.],112.67,84.33,98.5,125.0,75.0,125.0,125.0,82.0,92.0
gKR_sBM_cAll_d29_mKR4_ch02,gKR,sBM,cAll,d29,mKR4,ch02,120,[136.  86.],[121.  88.],111.0,104.5,107.75,86.0,88.0,86.0,111.0,104.5,104.5
gMH_sBM_cAll_d24_mMH4_ch08,gMH,sBM,cAll,d24,mMH4,ch08,120,[116. 121.],[125. 120.],118.5,122.5,120.5,116.0,120.0,116.0,118.5,122.5,120.5
gMH_sBM_cAll_d24_mMH5_ch02,gMH,sBM,cAll,d24,mMH5,ch02,130,[ 82. 144.],[ 95. 109.],113.0,102.0,107.5,82.0,95.0,82.0,113.0,102.0,102.0
gWA_sBM_cAll_d27_mWA3_ch02,gWA,sBM,cAll,d27,mWA3,ch02,110,[125. 116.],[105. 105.],120.5,105.0,112.75,116.0,105.0,105.0,120.5,105.0,110.5
gJB_sBM_cAll_d08_mJB0_ch09,gJB,sBM,cAll,d08,mJB0,ch09,80,[106.  86.  83.],[136. 144. 109.],91.67,129.67,110.66666666666667,83.0,109.0,83.0,86.0,136.0,107.5
gPO_sBM_cAll_d10_mPO0_ch02,gPO,sBM,cAll,d10,mPO0,ch02,80,[76. 96. 92.],[82. 79. 81.],88.0,80.67,84.33333333333333,76.0,79.0,76.0,92.0,81.0,81.5
gLO_sBM_cAll_d14_mLO5_ch02,gLO,sBM,cAll,d14,mLO5,ch02,130,[137. 144.],[70. 88.],140.5,79.0,109.75,137.0,70.0,70.0,140.5,79.0,112.5
gKR_sBM_cAll_d29_mKR0_ch07,gKR,sBM,cAll,d29,mKR0,ch07,80,[119. 110. 112.],[ 79.  84. 124.],113.67,95.67,104.66666666666667,110.0,79.0,79.0,112.0,84.0,111.0
gJB_sBM_cAll_d08_mJB5_ch03,gJB,sBM,cAll,d08,mJB5,ch03,130,[133. 130.],[135. 131.],131.5,133.0,132.25,130.0,131.0,130.0,131.5,133.0,132.0
gBR_sBM_cAll_d06_mBR5_ch07,gBR,sBM,cAll,d06,mBR5,ch07,130,[106.  98.],[104. 101.],102.0,102.5,102.25,98.0,101.0,98.0,102.0,102.5,102.5
gJB_sBM_cAll_d08_mJB1_ch01,gJB,sBM,cAll,d08,mJB1,ch01,90,[102. 108.  98.],[103. 133. 101.],102.67,112.33,107.5,98.0,101.0,98.0,102.0,103.0,102.5
gBR_sBM_cAll_d05_mBR4_ch09,gBR,sBM,cAll,d05,mBR4,ch09,120,[76. 90.],[115. 118.],83.0,116.5,99.75,76.0,115.0,76.0,83.0,116.5,102.5
gBR_sBM_cAll_d06_mBR3_ch10,gBR,sBM,cAll,d06,mBR3,ch10,110,[105. 135.],[82. 82.],120.0,82.0,101.0,105.0,82.0,82.0,120.0,82.0,93.5
gWA_sBM_cAll_d27_mWA3_ch07,gWA,sBM,cAll,d27,mWA3,ch07,110,[123. 127.],[97. 93.],125.0,95.0,110.0,123.0,93.0,93.0,125.0,95.0,110.0
gKR_sBM_cAll_d29_mKR1_ch04,gKR,sBM,cAll,d29,mKR1,ch04,90,[113.  70. 104.],[118. 117. 144.],95.67,126.33,111.0,70.0,117.0,70.0,104.0,118.0,115.0
gLO_sBM_cAll_d15_mLO3_ch03,gLO,sBM,cAll,d15,mLO3,ch03,110,[105.  99.],[ 86. 138.],102.0,112.0,107.0,99.0,86.0,86.0,102.0,112.0,102.0
gPO_sBM_cAll_d11_mPO1_ch03,gPO,sBM,cAll,d11,mPO1,ch03,90,[92. 91. 91.],[94. 92. 89.],91.33,91.67,91.5,91.0,89.0,91.0,91.0,92.0,91.5
gBR_sBM_cAll_d05_mBR4_ch04,gBR,sBM,cAll,d05,mBR4,ch04,120,[ 82. 118.],[129. 117.],100.0,123.0,111.5,82.0,117.0,82.0,100.0,123.0,117.5
gHO_sFM_cAll_d21_mHO1_ch16,gHO,sFM,cAll,d21,mHO1,ch16,115,[107.  83.  70.  94. 141.  99.  81. 132.],[107. 119.  93.  87. 115. 117. 113. 109.],100.88,107.5,104.1875,70.0,87.0,107.0,96.5,111.0,107.0
gWA_sBM_cAll_d26_mWA4_ch03,gWA,sBM,cAll,d26,mWA4,ch03,120,[144. 133.],[134.  70.],138.5,102.0,120.25,133.0,70.0,70.0,138.5,102.0,133.5
gBR_sBM_cAll_d06_mBR2_ch06,gBR,sBM,cAll,d06,mBR2,ch06,100,[ 70. 144. 144.],[91. 74. 77.],119.33,80.67,100.0,144.0,74.0,144.0,144.0,77.0,84.0
gPO_sBM_cAll_d10_mPO3_ch01,gPO,sBM,cAll,d10,mPO3,ch01,110,[115. 139.],[110. 111.],127.0,110.5,118.75,115.0,110.0,110.0,127.0,110.5,113.0
gPO_sBM_cAll_d10_mPO2_ch08,gPO,sBM,cAll,d10,mPO2,ch08,100,[102.  81. 108.],[111.  95. 100.],97.0,102.0,99.5,81.0,95.0,81.0,102.0,100.0,101.0
gMH_sBM_cAll_d24_mMH2_ch08,gMH,sBM,cAll,d24,mMH2,ch08,100,[137. 140.  99.],[134. 134.  77.],125.33,115.0,120.16666666666667,99.0,134.0,134.0,137.0,134.0,134.0
gLH_sBM_cAll_d17_mLH4_ch03,gLH,sBM,cAll,d17,mLH4,ch03,120,[125. 121.],[121. 120.],123.0,120.5,121.75,121.0,120.0,121.0,123.0,120.5,121.0
gBR_sBM_cAll_d05_mBR0_ch06,gBR,sBM,cAll,d05,mBR0,ch06,80,[104. 106. 104.],[111.  81.  86.],104.67,92.67,98.66666666666667,104.0,81.0,104.0,104.0,86.0,104.0
gMH_sBM_cAll_d22_mMH2_ch04,gMH,sBM,cAll,d22,mMH2,ch04,100,[102. 102.  98.],[ 85. 103.  97.],100.67,95.0,97.83333333333333,102.0,85.0,102.0,102.0,97.0,100.0
gLH_sBM_cAll_d16_mLH1_ch01,gLH,sBM,cAll,d16,mLH1,ch01,90,[100.  91.  97.],[93. 93. 88.],96.0,91.33,93.66666666666667,91.0,93.0,93.0,97.0,93.0,93.0
gWA_sBM_cAll_d27_mWA4_ch07,gWA,sBM,cAll,d27,mWA4,ch07,120,[130. 131.],[144. 127.],130.5,135.5,133.0,130.0,127.0,127.0,130.5,135.5,130.5
gWA_sFM_cAll_d25_mWA5_ch06,gWA,sFM,cAll,d25,mWA5,ch06,130,[141.  77. 125.  96. 129. 127.  88.],[ 70.  72. 134.  74. 132. 128.  83.],111.86,99.0,105.42857142857143,77.0,70.0,70.0,125.0,83.0,110.5
gPO_sBM_cAll_d12_mPO5_ch01,gPO,sBM,cAll,d12,mPO5,ch01,130,[131. 130.],[126. 131.],130.5,128.5,129.5,130.0,126.0,131.0,130.5,128.5,130.5
gLH_sBM_cAll_d16_mLH1_ch05,gLH,sBM,cAll,d16,mLH1,ch05,90,[105.  87. 111.],[91. 91. 90.],101.0,90.67,95.83333333333333,87.0,91.0,91.0,105.0,91.0,91.0
gJB_sBM_cAll_d09_mJB5_ch03,gJB,sBM,cAll,d09,mJB5,ch03,130,[ 77. 130.],[142. 129.],103.5,135.5,119.5,77.0,129.0,77.0,103.5,135.5,129.5
gMH_sBM_cAll_d22_mMH2_ch03,gMH,sBM,cAll,d22,mMH2,ch03,100,[116.  96. 105.],[ 96. 100. 102.],105.67,99.33,102.5,96.0,96.0,96.0,105.0,100.0,101.0
gLH_sBM_cAll_d17_mLH0_ch06,gLH,sBM,cAll,d17,mLH0,ch06,80,[ 90.  81. 136.],[110.  79. 116.],102.33,101.67,102.0,81.0,79.0,79.0,90.0,110.0,100.0
gMH_sBM_cAll_d22_mMH1_ch03,gMH,sBM,cAll,d22,mMH1,ch03,90,[90. 86. 91.],[89. 87. 89.],89.0,88.33,88.66666666666667,86.0,89.0,89.0,90.0,89.0,89.0
gLH_sBM_cAll_d18_mLH2_ch01,gLH,sBM,cAll,d18,mLH2,ch01,100,[ 98. 100.  93.],[106. 100.  93.],97.0,99.67,98.33333333333333,93.0,93.0,93.0,98.0,100.0,99.0
gWA_sBM_cAll_d25_mWA1_ch01,gWA,sBM,cAll,d25,mWA1,ch01,90,[103.  85.  96.],[ 89. 134.  76.],94.67,99.67,97.16666666666667,85.0,76.0,76.0,96.0,89.0,92.5
gBR_sBM_cAll_d05_mBR1_ch01,gBR,sBM,cAll,d05,mBR1,ch01,90,[72. 88. 87.],[95. 89. 89.],82.33,91.0,86.66666666666667,72.0,89.0,89.0,87.0,89.0,88.5
gJB_sFM_cAll_d09_mJB3_ch18,gJB,sFM,cAll,d09,mJB3,ch18,110,[122. 144. 106. 108.  98.  96.  75.  86.],[ 97. 103. 144. 143. 144.  76. 117.  83.],104.38,113.38,108.875,75.0,144.0,144.0,102.0,110.0,104.5
gLH_sBM_cAll_d17_mLH5_ch04,gLH,sBM,cAll,d17,mLH5,ch04,130,[133. 128.],[123.  70.],130.5,96.5,113.5,128.0,70.0,70.0,130.5,96.5,125.5
gPO_sBM_cAll_d12_mPO4_ch01,gPO,sBM,cAll,d12,mPO4,ch01,120,[118. 121.],[115. 121.],119.5,118.0,118.75,118.0,115.0,121.0,119.5,118.0,119.5
gLO_sBM_cAll_d13_mLO0_ch05,gLO,sBM,cAll,d13,mLO0,ch05,80,[83. 81. 77.],[87. 81. 78.],80.33,82.0,81.16666666666667,77.0,78.0,81.0,81.0,81.0,81.0
gKR_sFM_cAll_d29_mKR1_ch09,gKR,sFM,cAll,d29,mKR1,ch09,90,[115.  92. 136.  90.  79. 103. 114.  92. 141. 107.],[ 92.  84. 114.  75.  72. 115. 109.  85.  76. 102.],106.9,92.4,99.65,92.0,72.0,92.0,105.0,88.5,97.0
gHO_sBM_cAll_d20_mHO5_ch10,gHO,sBM,cAll,d20,mHO5,ch10,135,[70. 72.],[111. 137.],71.0,124.0,97.5,70.0,111.0,70.0,71.0,124.0,91.5
gJB_sBM_cAll_d09_mJB4_ch10,gJB,sBM,cAll,d09,mJB4,ch10,120,[135. 128.],[ 70. 144.],131.5,107.0,119.25,128.0,70.0,70.0,131.5,107.0,131.5
gHO_sBM_cAll_d20_mHO4_ch07,gHO,sBM,cAll,d20,mHO4,ch07,130,[129. 131.],[128. 130.],130.0,129.0,129.5,129.0,128.0,128.0,130.0,129.0,129.5
gPO_sFM_cAll_d12_mPO0_ch15,gPO,sFM,cAll,d12,mPO0,ch15,80,[ 95.  97.  88.  78.  81.  89.  94. 138. 112.  95. 119.],[ 85. 110.  94.  82.  86.  81.  91.  98.  95. 112. 101.],98.73,94.09,96.4090909090909,95.0,81.0,95.0,95.0,94.0,94.5
gHO_sBM_cAll_d19_mHO1_ch08,gHO,sBM,cAll,d19,mHO1,ch08,115,[125. 117.],[124. 115.],121.0,119.5,120.25,117.0,115.0,115.0,121.0,119.5,120.5
gLH_sBM_cAll_d16_mLH2_ch05,gLH,sBM,cAll,d16,mLH2,ch05,100,[112.  80. 144.],[104. 104. 100.],112.0,102.67,107.33333333333333,80.0,104.0,104.0,112.0,104.0,104.0
gLO_sBM_cAll_d14_mLO4_ch08,gLO,sBM,cAll,d14,mLO4,ch08,120,[120. 144.],[84. 90.],132.0,87.0,109.5,120.0,84.0,84.0,132.0,87.0,105.0
gMH_sBM_cAll_d22_mMH1_ch10,gMH,sBM,cAll,d22,mMH1,ch10,90,[91. 89. 93.],[86. 91. 90.],91.0,89.0,90.0,89.0,86.0,91.0,91.0,90.0,90.5
gJS_sBM_cAll_d01_mJS3_ch06,gJS,sBM,cAll,d01,mJS3,ch06,110,[70. 70.],[144. 136.],70.0,140.0,105.0,70.0,136.0,70.0,70.0,140.0,103.0
gJS_sBM_cAll_d03_mJS2_ch04,gJS,sBM,cAll,d03,mJS2,ch04,100,[ 93.  73. 119.],[ 85. 107. 144.],95.0,112.0,103.5,73.0,85.0,73.0,93.0,107.0,100.0
gLO_sBM_cAll_d13_mLO2_ch02,gLO,sBM,cAll,d13,mLO2,ch02,100,[144. 129.  82.],[111. 126. 127.],118.33,121.33,119.83333333333333,82.0,111.0,82.0,129.0,126.0,126.5
gHO_sBM_cAll_d19_mHO1_ch09,gHO,sBM,cAll,d19,mHO1,ch09,115,[114. 117.],[108. 115.],115.5,111.5,113.5,114.0,108.0,108.0,115.5,111.5,114.5
gBR_sFM_cAll_d06_mBR5_ch19,gBR,sFM,cAll,d06,mBR5,ch19,130,[ 94. 100. 135. 144. 132.  89. 136.],[ 87. 131.  92. 144.  70. 101. 137.],118.57,108.86,113.71428571428571,89.0,70.0,144.0,132.0,101.0,116.0
gPO_sBM_cAll_d10_mPO3_ch08,gPO,sBM,cAll,d10,mPO3,ch08,110,[113.  99.],[112. 111.],106.0,111.5,108.75,99.0,111.0,99.0,106.0,111.5,111.5
gJS_sFM_cAll_d01_mJS2_ch03,gJS,sFM,cAll,d01,mJS2,ch03,100,[144. 144. 117. 129.  89. 142.  77. 123.  99.],[144. 144. 107. 128. 141.  70. 108. 107. 101.],118.22,116.67,117.44444444444444,144.0,107.0,144.0,123.0,108.0,120.0
gPO_sBM_cAll_d11_mPO0_ch08,gPO,sBM,cAll,d11,mPO0,ch08,80,[101.  92.  95.],[ 84. 132.  80.],96.0,98.67,97.33333333333333,92.0,80.0,80.0,95.0,84.0,93.5
gWA_sBM_cAll_d27_mWA2_ch03,gWA,sBM,cAll,d27,mWA2,ch03,100,[89. 92. 84.],[ 96. 123. 138.],88.33,119.0,103.66666666666667,84.0,96.0,84.0,89.0,123.0,94.0
gJB_sBM_cAll_d09_mJB5_ch04,gJB,sBM,cAll,d09,mJB5,ch04,130,[88. 80.],[144.  70.],84.0,107.0,95.5,80.0,70.0,70.0,84.0,107.0,84.0
gJB_sBM_cAll_d08_mJB0_ch07,gJB,sBM,cAll,d08,mJB0,ch07,80,[101. 125.  95.],[83. 88. 84.],107.0,85.0,96.0,95.0,83.0,83.0,101.0,84.0,91.5
gBR_sBM_cAll_d05_mBR5_ch05,gBR,sBM,cAll,d05,mBR5,ch05,130,[111. 126.],[138. 128.],118.5,133.0,125.75,111.0,128.0,111.0,118.5,133.0,127.0
gJS_sBM_cAll_d01_mJS0_ch09,gJS,sBM,cAll,d01,mJS0,ch09,80,[126.  96.  99.],[70. 70. 85.],107.0,75.0,91.0,96.0,70.0,70.0,99.0,70.0,90.5
gLO_sBM_cAll_d13_mLO0_ch10,gLO,sBM,cAll,d13,mLO0,ch10,80,[ 70. 122. 120.],[120. 120. 121.],104.0,120.33,112.16666666666667,70.0,120.0,120.0,120.0,120.0,120.0
gJS_sBM_cAll_d03_mJS5_ch04,gJS,sBM,cAll,d03,mJS5,ch04,130,[ 74. 104.],[144. 111.],89.0,127.5,108.25,74.0,111.0,74.0,89.0,127.5,107.5
gJS_sBM_cAll_d01_mJS1_ch01,gJS,sBM,cAll,d01,mJS1,ch01,90,[ 81. 122.  70.],[114. 134.  70.],91.0,106.0,98.5,70.0,70.0,70.0,81.0,114.0,97.5
gKR_sBM_cAll_d29_mKR5_ch06,gKR,sBM,cAll,d29,mKR5,ch06,130,[105.  73.],[ 98. 128.],89.0,113.0,101.0,73.0,98.0,73.0,89.0,113.0,101.5
gHO_sBM_cAll_d20_mHO0_ch05,gHO,sBM,cAll,d20,mHO0,ch05,110,[113. 111.],[113. 108.],112.0,110.5,111.25,111.0,108.0,113.0,112.0,110.5,112.0
gKR_sBM_cAll_d28_mKR2_ch06,gKR,sBM,cAll,d28,mKR2,ch06,100,[139.  99.  96.],[133. 139. 128.],111.33,133.33,122.33333333333333,96.0,128.0,139.0,99.0,133.0,130.5
gWA_sBM_cAll_d25_mWA3_ch06,gWA,sBM,cAll,d25,mWA3,ch06,110,[144.  80.],[109. 112.],112.0,110.5,111.25,80.0,109.0,80.0,112.0,110.5,110.5
gLO_sBM_cAll_d15_mLO3_ch08,gLO,sBM,cAll,d15,mLO3,ch08,110,[106.  84.],[144. 111.],95.0,127.5,111.25,84.0,111.0,84.0,95.0,127.5,108.5
gPO_sFM_cAll_d12_mPO4_ch19,gPO,sFM,cAll,d12,mPO4,ch19,120,[ 87.  77.  98.  80. 141. 125. 103.  70.],[110. 109.  90. 119. 132. 122.  71. 120.],97.62,109.12,103.375,70.0,71.0,70.0,92.5,114.5,106.0
gPO_sBM_cAll_d10_mPO2_ch03,gPO,sBM,cAll,d10,mPO2,ch03,100,[92. 90. 92.],[74. 75. 93.],91.33,80.67,86.0,92.0,74.0,92.0,92.0,75.0,91.0
gLO_sBM_cAll_d13_mLO0_ch03,gLO,sBM,cAll,d13,mLO0,ch03,80,[142.  84.  84.],[101.  75.  70.],103.33,82.0,92.66666666666667,84.0,70.0,84.0,84.0,75.0,84.0
gWA_sBM_cAll_d27_mWA4_ch05,gWA,sBM,cAll,d27,mWA4,ch05,120,[ 78. 132.],[127. 141.],105.0,134.0,119.5,78.0,127.0,78.0,105.0,134.0,129.5
gKR_sBM_cAll_d28_mKR0_ch03,gKR,sBM,cAll,d28,mKR0,ch03,80,[128. 144. 100.],[ 81. 122. 125.],124.0,109.33,116.66666666666667,100.0,81.0,81.0,128.0,122.0,123.5
gLH_sBM_cAll_d16_mLH1_ch08,gLH,sBM,cAll,d16,mLH1,ch08,90,[70. 83. 87.],[ 83. 136. 128.],80.0,115.67,97.83333333333333,70.0,83.0,83.0,83.0,128.0,85.0
gJB_sBM_cAll_d09_mJB3_ch07,gJB,sBM,cAll,d09,mJB3,ch07,110,[ 95. 131.],[103. 135.],113.0,119.0,116.0,95.0,103.0,95.0,113.0,119.0,117.0
gMH_sBM_cAll_d22_mMH3_ch03,gMH,sBM,cAll,d22,mMH3,ch03,110,[ 75. 109.],[110. 109.],92.0,109.5,100.75,75.0,109.0,109.0,92.0,109.5,109.0
gJB_sBM_cAll_d07_mJB0_ch05,gJB,sBM,cAll,d07,mJB0,ch05,80,[ 72.  91. 143.],[70. 79. 82.],102.0,77.0,89.5,72.0,70.0,70.0,91.0,79.0,80.5
gPO_sBM_cAll_d12_mPO2_ch09,gPO,sBM,cAll,d12,mPO2,ch09,100,[100. 133. 127.],[109. 100.  79.],120.0,96.0,108.0,100.0,79.0,100.0,127.0,100.0,104.5
gPO_sBM_cAll_d11_mPO0_ch06,gPO,sBM,cAll,d11,mPO0,ch06,80,[88. 72. 73.],[87. 79. 80.],77.67,82.0,79.83333333333333,72.0,79.0,72.0,73.0,80.0,79.5
gJS_sBM_cAll_d01_mJS1_ch07,gJS,sBM,cAll,d01,mJS1,ch07,90,[120. 100.  88.],[ 70.  88. 136.],102.67,98.0,100.33333333333333,88.0,70.0,88.0,100.0,88.0,94.0
gLH_sBM_cAll_d16_mLH2_ch04,gLH,sBM,cAll,d16,mLH2,ch04,100,[94. 99. 84.],[ 96.  74. 138.],92.33,102.67,97.5,84.0,74.0,74.0,94.0,96.0,95.0
gLO_sBM_cAll_d15_mLO2_ch05,gLO,sBM,cAll,d15,mLO2,ch05,100,[105.  74.  83.],[138. 101.  90.],87.33,109.67,98.5,74.0,90.0,74.0,83.0,101.0,95.5
gPO_sBM_cAll_d12_mPO4_ch07,gPO,sBM,cAll,d12,mPO4,ch07,120,[106. 111.],[129. 132.],108.5,130.5,119.5,106.0,129.0,106.0,108.5,130.5,120.0
gMH_sBM_cAll_d23_mMH4_ch02,gMH,sBM,cAll,d23,mMH4,ch02,120,[ 70. 142.],[115. 119.],106.0,117.0,111.5,70.0,115.0,70.0,106.0,117.0,117.0
gLO_sBM_cAll_d13_mLO2_ch09,gLO,sBM,cAll,d13,mLO2,ch09,100,[77. 78. 72.],[144.  76. 101.],75.67,107.0,91.33333333333333,72.0,76.0,72.0,77.0,101.0,77.5
gLO_sBM_cAll_d15_mLO2_ch01,gLO,sBM,cAll,d15,mLO2,ch01,100,[103. 114.  70.],[126. 144. 138.],95.67,136.0,115.83333333333333,70.0,126.0,70.0,103.0,138.0,120.0
gLH_sBM_cAll_d16_mLH0_ch02,gLH,sBM,cAll,d16,mLH0,ch02,80,[116.  70. 144.],[126.  82. 118.],110.0,108.67,109.33333333333333,70.0,82.0,70.0,116.0,118.0,117.0
gWA_sBM_cAll_d27_mWA3_ch08,gWA,sBM,cAll,d27,mWA3,ch08,110,[141. 114.],[ 90. 112.],127.5,101.0,114.25,114.0,90.0,90.0,127.5,101.0,113.0
gMH_sBM_cAll_d24_mMH3_ch05,gMH,sBM,cAll,d24,mMH3,ch05,110,[105. 108.],[73. 70.],106.5,71.5,89.0,105.0,70.0,70.0,106.5,71.5,89.0
gLH_sBM_cAll_d17_mLH5_ch06,gLH,sBM,cAll,d17,mLH5,ch06,130,[100. 129.],[116. 139.],114.5,127.5,121.0,100.0,116.0,100.0,114.5,127.5,122.5
gWA_sBM_cAll_d25_mWA2_ch02,gWA,sBM,cAll,d25,mWA2,ch02,100,[106.  92. 127.],[144. 120. 144.],108.33,136.0,122.16666666666667,92.0,144.0,144.0,106.0,144.0,123.5
gLH_sBM_cAll_d18_mLH3_ch05,gLH,sBM,cAll,d18,mLH3,ch05,110,[111. 114.],[110. 114.],112.5,112.0,112.25,111.0,110.0,114.0,112.5,112.0,112.5
gLO_sFM_cAll_d14_mLO1_ch09,gLO,sFM,cAll,d14,mLO1,ch09,90,[127. 136. 107.  90.  77. 135. 128. 107.  99. 143.],[130. 140.  70. 114. 113. 105.  81.  70. 120. 102.],114.9,104.5,109.7,107.0,70.0,70.0,117.0,109.0,110.0
gPO_sBM_cAll_d11_mPO5_ch01,gPO,sBM,cAll,d11,mPO5,ch01,130,[125. 130.],[122. 130.],127.5,126.0,126.75,125.0,122.0,130.0,127.5,126.0,127.5
gHO_sBM_cAll_d19_mHO1_ch05,gHO,sBM,cAll,d19,mHO1,ch05,115,[ 75. 112.],[116. 113.],93.5,114.5,104.0,75.0,113.0,75.0,93.5,114.5,112.5
gWA_sBM_cAll_d25_mWA3_ch05,gWA,sBM,cAll,d25,mWA3,ch05,110,[117. 100.],[135.  72.],108.5,103.5,106.0,100.0,72.0,72.0,108.5,103.5,108.5
gHO_sBM_cAll_d20_mHO5_ch02,gHO,sBM,cAll,d20,mHO5,ch02,135,[127. 133.],[133. 137.],130.0,135.0,132.5,127.0,133.0,133.0,130.0,135.0,133.0
gLO_sBM_cAll_d14_mLO5_ch09,gLO,sBM,cAll,d14,mLO5,ch09,130,[111. 101.],[144.  87.],106.0,115.5,110.75,101.0,87.0,87.0,106.0,115.5,106.0
gKR_sBM_cAll_d29_mKR1_ch10,gKR,sBM,cAll,d29,mKR1,ch10,90,[ 72. 107.  89.],[120.  92. 117.],89.33,109.67,99.5,72.0,92.0,72.0,89.0,117.0,99.5
gWA_sBM_cAll_d25_mWA0_ch04,gWA,sBM,cAll,d25,mWA0,ch04,80,[98. 81. 93.],[110. 105. 135.],90.67,116.67,103.66666666666667,81.0,105.0,81.0,93.0,110.0,101.5
gJB_sBM_cAll_d07_mJB3_ch02,gJB,sBM,cAll,d07,mJB3,ch02,110,[144.  81.],[120. 144.],112.5,132.0,122.25,81.0,120.0,144.0,112.5,132.0,132.0
gLH_sBM_cAll_d16_mLH3_ch10,gLH,sBM,cAll,d16,mLH3,ch10,110,[120. 111.],[133. 108.],115.5,120.5,118.0,111.0,108.0,108.0,115.5,120.5,115.5
gWA_sBM_cAll_d26_mWA5_ch05,gWA,sBM,cAll,d26,mWA5,ch05,130,[100. 113.],[ 70. 129.],106.5,99.5,103.0,100.0,70.0,70.0,106.5,99.5,106.5
gHO_sBM_cAll_d20_mHO5_ch04,gHO,sBM,cAll,d20,mHO5,ch04,135,[72. 70.],[130.  70.],71.0,100.0,85.5,70.0,70.0,70.0,71.0,100.0,71.0
gLH_sBM_cAll_d16_mLH3_ch09,gLH,sBM,cAll,d16,mLH3,ch09,110,[118. 105.],[110. 140.],111.5,125.0,118.25,105.0,110.0,105.0,111.5,125.0,114.0
gHO_sBM_cAll_d21_mHO3_ch06,gHO,sBM,cAll,d21,mHO3,ch06,125,[ 82. 130.],[118. 130.],106.0,124.0,115.0,82.0,118.0,130.0,106.0,124.0,124.0
gJS_sBM_cAll_d01_mJS0_ch02,gJS,sBM,cAll,d01,mJS0,ch02,80,[103. 127. 144.],[ 79.  70. 140.],124.67,96.33,110.5,103.0,70.0,70.0,127.0,79.0,115.0
gHO_sBM_cAll_d19_mHO3_ch01,gHO,sBM,cAll,d19,mHO3,ch01,125,[96. 93.],[125. 125.],94.5,125.0,109.75,93.0,125.0,125.0,94.5,125.0,110.5
gWA_sBM_cAll_d27_mWA4_ch02,gWA,sBM,cAll,d27,mWA4,ch02,120,[135. 144.],[125. 117.],139.5,121.0,130.25,135.0,117.0,117.0,139.5,121.0,130.0
gLO_sBM_cAll_d14_mLO1_ch04,gLO,sBM,cAll,d14,mLO1,ch04,90,[130. 144. 134.],[ 95. 114.  87.],136.0,98.67,117.33333333333333,130.0,87.0,87.0,134.0,95.0,122.0
gLH_sBM_cAll_d16_mLH1_ch06,gLH,sBM,cAll,d16,mLH1,ch06,90,[ 97. 112. 128.],[ 93. 138.  90.],112.33,107.0,109.66666666666667,97.0,90.0,90.0,112.0,93.0,104.5
gPO_sBM_cAll_d11_mPO1_ch04,gPO,sBM,cAll,d11,mPO1,ch04,90,[112.  86. 101.],[ 79. 114. 133.],99.67,108.67,104.16666666666667,86.0,79.0,79.0,101.0,114.0,106.5
gPO_sFM_cAll_d12_mPO2_ch17,gPO,sFM,cAll,d12,mPO2,ch17,100,[144.  87.  71. 127. 139.  94.  96. 100. 142.],[ 98. 144. 102. 130.  70. 116. 103. 118. 127.],111.11,112.0,111.55555555555556,71.0,70.0,127.0,100.0,116.0,109.5
gKR_sBM_cAll_d28_mKR0_ch05,gKR,sBM,cAll,d28,mKR0,ch05,80,[ 81. 101. 101.],[109. 103. 105.],94.33,105.67,100.0,101.0,103.0,101.0,101.0,105.0,102.0
gLH_sBM_cAll_d16_mLH3_ch01,gLH,sBM,cAll,d16,mLH3,ch01,110,[113. 110.],[112. 110.],111.5,111.0,111.25,110.0,110.0,110.0,111.5,111.0,111.0
gJS_sBM_cAll_d02_mJS0_ch06,gJS,sBM,cAll,d02,mJS0,ch06,80,[ 99. 110. 120.],[125. 136. 143.],109.67,134.67,122.16666666666667,99.0,125.0,99.0,110.0,136.0,122.5
gBR_sBM_cAll_d06_mBR3_ch03,gBR,sBM,cAll,d06,mBR3,ch03,110,[115. 111.],[110. 110.],113.0,110.0,111.5,111.0,110.0,110.0,113.0,110.0,110.5
gJS_sBM_cAll_d01_mJS0_ch08,gJS,sBM,cAll,d01,mJS0,ch08,80,[115. 144. 104.],[ 76. 144. 144.],121.0,121.33,121.16666666666667,104.0,144.0,144.0,115.0,144.0,129.5
gWA_sBM_cAll_d25_mWA0_ch06,gWA,sBM,cAll,d25,mWA0,ch06,80,[ 89.  92. 102.],[103. 123. 138.],94.33,121.33,107.83333333333333,89.0,103.0,89.0,92.0,123.0,102.5
gLO_sBM_cAll_d15_mLO5_ch04,gLO,sBM,cAll,d15,mLO5,ch04,130,[125. 120.],[ 77. 102.],122.5,89.5,106.0,120.0,77.0,77.0,122.5,89.5,111.0
gMH_sBM_cAll_d23_mMH0_ch09,gMH,sBM,cAll,d23,mMH0,ch09,80,[102. 125.  81.],[81. 79. 79.],102.67,79.67,91.16666666666667,81.0,79.0,79.0,102.0,79.0,81.0
gLO_sBM_cAll_d14_mLO1_ch01,gLO,sBM,cAll,d14,mLO1,ch01,90,[110. 128.  92.],[ 84. 130.  97.],110.0,103.67,106.83333333333333,92.0,84.0,84.0,110.0,97.0,103.5
gMH_sBM_cAll_d23_mMH5_ch03,gMH,sBM,cAll,d23,mMH5,ch03,130,[123. 117.],[116. 117.],120.0,116.5,118.25,117.0,116.0,117.0,120.0,116.5,117.0
gMH_sBM_cAll_d24_mMH2_ch01,gMH,sBM,cAll,d24,mMH2,ch01,100,[108. 100. 139.],[ 99. 101.  97.],115.67,99.0,107.33333333333333,100.0,97.0,97.0,108.0,99.0,100.5
gJS_sBM_cAll_d03_mJS3_ch06,gJS,sBM,cAll,d03,mJS3,ch06,110,[ 97. 105.],[ 99. 122.],101.0,110.5,105.75,97.0,99.0,97.0,101.0,110.5,102.0
gJB_sBM_cAll_d09_mJB2_ch10,gJB,sBM,cAll,d09,mJB2,ch10,100,[ 85. 144. 130.],[ 98.  82. 126.],119.67,102.0,110.83333333333333,85.0,82.0,82.0,130.0,98.0,112.0
gLO_sBM_cAll_d13_mLO3_ch02,gLO,sBM,cAll,d13,mLO3,ch02,110,[ 70. 115.],[ 98. 113.],92.5,105.5,99.0,70.0,98.0,70.0,92.5,105.5,105.5
gLH_sBM_cAll_d17_mLH5_ch05,gLH,sBM,cAll,d17,mLH5,ch05,130,[122. 137.],[ 93. 112.],129.5,102.5,116.0,122.0,93.0,93.0,129.5,102.5,117.0
gWA_sBM_cAll_d27_mWA5_ch08,gWA,sBM,cAll,d27,mWA5,ch08,130,[144. 122.],[119. 100.],133.0,109.5,121.25,122.0,100.0,100.0,133.0,109.5,120.5
gLH_sBM_cAll_d16_mLH2_ch07,gLH,sBM,cAll,d16,mLH2,ch07,100,[119.  98. 133.],[144. 102.  99.],116.67,115.0,115.83333333333333,98.0,99.0,98.0,119.0,102.0,110.5
gJB_sBM_cAll_d08_mJB4_ch08,gJB,sBM,cAll,d08,mJB4,ch08,120,[122.  70.],[125. 119.],96.0,122.0,109.0,70.0,119.0,70.0,96.0,122.0,120.5
gKR_sBM_cAll_d29_mKR1_ch07,gKR,sBM,cAll,d29,mKR1,ch07,90,[ 80. 117. 114.],[ 80. 110.  88.],103.67,92.67,98.16666666666667,80.0,80.0,80.0,114.0,88.0,99.0
gLO_sBM_cAll_d13_mLO3_ch10,gLO,sBM,cAll,d13,mLO3,ch10,110,[104. 110.],[ 82. 138.],107.0,110.0,108.5,104.0,82.0,82.0,107.0,110.0,107.0
gKR_sBM_cAll_d30_mKR2_ch03,gKR,sBM,cAll,d30,mKR2,ch03,100,[142. 128.  82.],[144.  75. 144.],117.33,121.0,119.16666666666667,82.0,144.0,144.0,128.0,144.0,135.0
gJB_sBM_cAll_d07_mJB3_ch10,gJB,sBM,cAll,d07,mJB3,ch10,110,[113. 109.],[144. 137.],111.0,140.5,125.75,109.0,137.0,109.0,111.0,140.5,125.0
gLO_sBM_cAll_d14_mLO5_ch07,gLO,sBM,cAll,d14,mLO5,ch07,130,[144. 101.],[ 79. 136.],122.5,107.5,115.0,101.0,79.0,79.0,122.5,107.5,118.5
gLO_sBM_cAll_d14_mLO5_ch05,gLO,sBM,cAll,d14,mLO5,ch05,130,[ 81. 133.],[92. 84.],107.0,88.0,97.5,81.0,84.0,81.0,107.0,88.0,88.0
gBR_sBM_cAll_d05_mBR1_ch03,gBR,sBM,cAll,d05,mBR1,ch03,90,[133.  89.  89.],[94. 91. 89.],103.67,91.33,97.5,89.0,89.0,89.0,89.0,91.0,90.0
gLH_sBM_cAll_d16_mLH0_ch06,gLH,sBM,cAll,d16,mLH0,ch06,80,[100. 117. 114.],[144.  90.  80.],110.33,104.67,107.5,100.0,80.0,80.0,114.0,90.0,107.0
gBR_sBM_cAll_d06_mBR4_ch07,gBR,sBM,cAll,d06,mBR4,ch07,120,[94. 89.],[94. 89.],91.5,91.5,91.5,89.0,89.0,89.0,91.5,91.5,91.5
gHO_sBM_cAll_d19_mHO2_ch02,gHO,sBM,cAll,d19,mHO2,ch02,120,[111. 119.],[113. 118.],115.0,115.5,115.25,111.0,113.0,111.0,115.0,115.5,115.5
gBR_sBM_cAll_d04_mBR1_ch05,gBR,sBM,cAll,d04,mBR1,ch05,90,[125. 136. 113.],[95. 90. 92.],124.67,92.33,108.5,113.0,90.0,90.0,125.0,92.0,104.0
gPO_sFM_cAll_d11_mPO3_ch11,gPO,sFM,cAll,d11,mPO3,ch11,110,[ 78.  79. 103.  85.  83. 112.  71.  87.],[ 97. 112. 119. 142. 133. 111. 108. 120.],87.25,117.75,102.5,71.0,97.0,112.0,84.0,115.5,105.5
gHO_sBM_cAll_d19_mHO0_ch10,gHO,sBM,cAll,d19,mHO0,ch10,110,[ 77. 134.],[104. 112.],105.5,108.0,106.75,77.0,104.0,77.0,105.5,108.0,108.0
gJB_sBM_cAll_d07_mJB1_ch07,gJB,sBM,cAll,d07,mJB1,ch07,90,[106.  95.  92.],[112. 107.  93.],97.67,104.0,100.83333333333333,92.0,93.0,92.0,95.0,107.0,100.5
gHO_sBM_cAll_d21_mHO2_ch04,gHO,sBM,cAll,d21,mHO2,ch04,120,[106. 119.],[114. 118.],112.5,116.0,114.25,106.0,114.0,106.0,112.5,116.0,116.0
gWA_sBM_cAll_d25_mWA3_ch07,gWA,sBM,cAll,d25,mWA3,ch07,110,[112. 109.],[70. 85.],110.5,77.5,94.0,109.0,70.0,70.0,110.5,77.5,97.0
gLH_sBM_cAll_d17_mLH0_ch10,gLH,sBM,cAll,d17,mLH0,ch10,80,[107. 127.  95.],[135. 125. 100.],109.67,120.0,114.83333333333333,95.0,100.0,95.0,107.0,125.0,116.0
gMH_sFM_cAll_d24_mMH3_ch18,gMH,sFM,cAll,d24,mMH3,ch18,110,[142. 110. 121.  77. 107. 111. 110. 106.],[113. 120. 108. 136. 106. 111. 109. 118.],110.5,115.12,112.8125,110.0,106.0,106.0,110.0,112.0,110.5
gKR_sBM_cAll_d28_mKR2_ch10,gKR,sBM,cAll,d28,mKR2,ch10,100,[144. 144.  73.],[ 72. 144. 143.],120.33,119.67,120.0,144.0,72.0,144.0,144.0,143.0,143.5
gKR_sBM_cAll_d28_mKR1_ch06,gKR,sBM,cAll,d28,mKR1,ch06,90,[ 99. 113. 107.],[94. 90. 88.],106.33,90.67,98.5,99.0,88.0,88.0,107.0,90.0,96.5
gJS_sBM_cAll_d02_mJS5_ch06,gJS,sBM,cAll,d02,mJS5,ch06,130,[ 82. 113.],[121. 106.],97.5,113.5,105.5,82.0,106.0,82.0,97.5,113.5,109.5
gLH_sFM_cAll_d17_mLH5_ch13,gLH,sFM,cAll,d17,mLH5,ch13,130,[105.  84.  70. 123. 114. 129.  83.],[102. 134.  92. 127.  89. 134. 104.],101.14,111.71,106.42857142857143,70.0,134.0,134.0,105.0,104.0,104.5
gBR_sBM_cAll_d04_mBR3_ch09,gBR,sBM,cAll,d04,mBR3,ch09,110,[143. 139.],[114. 111.],141.0,112.5,126.75,139.0,111.0,111.0,141.0,112.5,126.5
gHO_sBM_cAll_d21_mHO4_ch04,gHO,sBM,cAll,d21,mHO4,ch04,130,[137.  70.],[128. 132.],103.5,130.0,116.75,70.0,128.0,70.0,103.5,130.0,130.0
gBR_sBM_cAll_d06_mBR3_ch09,gBR,sBM,cAll,d06,mBR3,ch09,110,[123. 135.],[102. 110.],129.0,106.0,117.5,123.0,102.0,102.0,129.0,106.0,116.5
gHO_sBM_cAll_d19_mHO3_ch06,gHO,sBM,cAll,d19,mHO3,ch06,125,[82. 81.],[125. 126.],81.5,125.5,103.5,81.0,125.0,81.0,81.5,125.5,103.5
gMH_sBM_cAll_d22_mMH1_ch09,gMH,sBM,cAll,d22,mMH1,ch09,90,[140.  92.  92.],[85. 91. 88.],108.0,88.0,98.0,92.0,85.0,92.0,92.0,88.0,91.5
gJB_sBM_cAll_d09_mJB2_ch02,gJB,sBM,cAll,d09,mJB2,ch02,100,[106. 144.  71.],[112. 102. 108.],107.0,107.33,107.16666666666667,71.0,102.0,71.0,106.0,108.0,107.0
gHO_sBM_cAll_d21_mHO2_ch09,gHO,sBM,cAll,d21,mHO2,ch09,120,[127. 122.],[118. 122.],124.5,120.0,122.25,122.0,118.0,122.0,124.5,120.0,122.0
gJS_sBM_cAll_d02_mJS0_ch02,gJS,sBM,cAll,d02,mJS0,ch02,80,[120. 144. 122.],[ 90. 116. 128.],128.67,111.33,120.0,120.0,90.0,90.0,122.0,116.0,121.0
gLO_sBM_cAll_d15_mLO3_ch01,gLO,sBM,cAll,d15,mLO3,ch01,110,[142. 111.],[83. 92.],126.5,87.5,107.0,111.0,83.0,83.0,126.5,87.5,101.5
gWA_sBM_cAll_d26_mWA0_ch09,gWA,sBM,cAll,d26,mWA0,ch09,80,[ 77. 111. 144.],[85. 90. 85.],110.67,86.67,98.66666666666667,77.0,85.0,85.0,111.0,85.0,87.5
gMH_sBM_cAll_d22_mMH0_ch09,gMH,sBM,cAll,d22,mMH0,ch09,80,[84. 79. 79.],[78. 81. 79.],80.67,79.33,80.0,79.0,78.0,79.0,79.0,79.0,79.0
gLH_sBM_cAll_d17_mLH4_ch01,gLH,sBM,cAll,d17,mLH4,ch01,120,[84. 90.],[ 74. 120.],87.0,97.0,92.0,84.0,74.0,74.0,87.0,97.0,87.0
gWA_sBM_cAll_d26_mWA1_ch04,gWA,sBM,cAll,d26,mWA1,ch04,90,[131.  73. 116.],[ 88. 144.  94.],106.67,108.67,107.66666666666667,73.0,88.0,73.0,116.0,94.0,105.0
gKR_sBM_cAll_d29_mKR4_ch08,gKR,sBM,cAll,d29,mKR4,ch08,120,[ 85. 117.],[124. 118.],101.0,121.0,111.0,85.0,118.0,85.0,101.0,121.0,117.5
gJB_sBM_cAll_d07_mJB1_ch06,gJB,sBM,cAll,d07,mJB1,ch06,90,[144. 144. 126.],[77. 81. 82.],138.0,80.0,109.0,144.0,77.0,144.0,144.0,81.0,104.0
gLO_sBM_cAll_d13_mLO2_ch08,gLO,sBM,cAll,d13,mLO2,ch08,100,[106.  98.  86.],[144. 100. 133.],96.67,125.67,111.16666666666667,86.0,100.0,86.0,98.0,133.0,103.0
gBR_sBM_cAll_d04_mBR1_ch09,gBR,sBM,cAll,d04,mBR1,ch09,90,[129. 134.  88.],[97. 87. 92.],117.0,92.0,104.5,88.0,87.0,87.0,129.0,92.0,94.5
gJB_sBM_cAll_d09_mJB3_ch09,gJB,sBM,cAll,d09,mJB3,ch09,110,[119.  70.],[133. 126.],94.5,129.5,112.0,70.0,126.0,70.0,94.5,129.5,122.5
gJS_sBM_cAll_d02_mJS0_ch01,gJS,sBM,cAll,d02,mJS0,ch01,80,[132.  83.  70.],[118. 144.  98.],95.0,120.0,107.5,70.0,98.0,70.0,83.0,118.0,108.0
gMH_sBM_cAll_d24_mMH2_ch05,gMH,sBM,cAll,d24,mMH2,ch05,100,[ 98.  99. 101.],[144.  80. 132.],99.33,118.67,109.0,98.0,80.0,80.0,99.0,132.0,100.0
gLH_sBM_cAll_d17_mLH1_ch06,gLH,sBM,cAll,d17,mLH1,ch06,90,[104. 144. 115.],[144.  90.  86.],121.0,106.67,113.83333333333333,104.0,86.0,144.0,115.0,90.0,109.5
gJS_sBM_cAll_d03_mJS2_ch01,gJS,sBM,cAll,d03,mJS2,ch01,100,[105. 142. 129.],[ 85. 114.  96.],125.33,98.33,111.83333333333333,105.0,85.0,85.0,129.0,96.0,109.5
gWA_sBM_cAll_d26_mWA1_ch03,gWA,sBM,cAll,d26,mWA1,ch03,90,[ 94. 131.  81.],[105. 103. 113.],102.0,107.0,104.5,81.0,103.0,81.0,94.0,105.0,104.0
gBR_sBM_cAll_d06_mBR2_ch07,gBR,sBM,cAll,d06,mBR2,ch07,100,[76. 76. 79.],[100.  72.  82.],77.0,84.67,80.83333333333333,76.0,72.0,76.0,76.0,82.0,77.5
gMH_sBM_cAll_d22_mMH2_ch07,gMH,sBM,cAll,d22,mMH2,ch07,100,[80. 97. 71.],[104. 101. 140.],82.67,115.0,98.83333333333333,71.0,101.0,71.0,80.0,104.0,99.0
gLO_sFM_cAll_d14_mLO3_ch11,gLO,sFM,cAll,d14,mLO3,ch11,110,[144. 113. 130. 100.  89.  85. 117. 100.],[144. 119. 144.  85. 121. 125.  72. 131.],109.75,117.62,113.6875,100.0,144.0,144.0,106.5,123.0,118.0
gPO_sBM_cAll_d10_mPO3_ch04,gPO,sBM,cAll,d10,mPO3,ch04,110,[109.  77.],[85. 83.],93.0,84.0,88.5,77.0,83.0,77.0,93.0,84.0,84.0
gMH_sBM_cAll_d24_mMH2_ch03,gMH,sBM,cAll,d24,mMH2,ch03,100,[102. 101. 102.],[ 96. 100.  97.],101.67,97.67,99.66666666666667,102.0,96.0,102.0,102.0,97.0,100.5
gMH_sBM_cAll_d23_mMH4_ch08,gMH,sBM,cAll,d23,mMH4,ch08,120,[121. 116.],[118. 117.],118.5,117.5,118.0,116.0,117.0,116.0,118.5,117.5,117.5
gMH_sBM_cAll_d24_mMH4_ch03,gMH,sBM,cAll,d24,mMH4,ch03,120,[124. 119.],[117. 119.],121.5,118.0,119.75,119.0,117.0,119.0,121.5,118.0,119.0
gPO_sBM_cAll_d12_mPO4_ch09,gPO,sBM,cAll,d12,mPO4,ch09,120,[82. 99.],[ 74. 118.],90.5,96.0,93.25,82.0,74.0,74.0,90.5,96.0,90.5
gLO_sFM_cAll_d13_mLO0_ch01,gLO,sFM,cAll,d13,mLO0,ch01,80,[ 76.  81.  75. 120.  80. 117. 105.  80. 125. 144. 125.],[ 79.  79.  79.  81.  90.  82. 144.  70.  91.  90. 123.],102.55,91.64,97.0909090909091,80.0,79.0,79.0,105.0,82.0,86.0
gJB_sBM_cAll_d08_mJB5_ch05,gJB,sBM,cAll,d08,mJB5,ch05,130,[117.  70.],[129. 132.],93.5,130.5,112.0,70.0,129.0,70.0,93.5,130.5,123.0
gJB_sBM_cAll_d09_mJB4_ch09,gJB,sBM,cAll,d09,mJB4,ch09,120,[144. 105.],[80. 71.],124.5,75.5,100.0,105.0,71.0,71.0,124.5,75.5,92.5
gHO_sBM_cAll_d21_mHO3_ch05,gHO,sBM,cAll,d21,mHO3,ch05,125,[121. 124.],[120. 129.],122.5,124.5,123.5,121.0,120.0,120.0,122.5,124.5,122.5
gWA_sFM_cAll_d26_mWA3_ch14,gWA,sFM,cAll,d26,mWA3,ch14,110,[119. 102. 110.  77. 101.  97.  88. 135.],[144.  76. 144.  96. 102.  82. 135.  98.],103.62,109.62,106.625,77.0,144.0,102.0,101.5,100.0,101.5
gJS_sBM_cAll_d01_mJS3_ch05,gJS,sBM,cAll,d01,mJS3,ch05,110,[111. 113.],[ 87. 129.],112.0,108.0,110.0,111.0,87.0,87.0,112.0,108.0,112.0
gKR_sBM_cAll_d30_mKR2_ch08,gKR,sBM,cAll,d30,mKR2,ch08,100,[108. 124. 120.],[ 98. 100.  98.],117.33,98.67,108.0,108.0,98.0,98.0,120.0,98.0,104.0
gKR_sBM_cAll_d30_mKR5_ch03,gKR,sBM,cAll,d30,mKR5,ch03,130,[99. 97.],[106. 123.],98.0,114.5,106.25,97.0,106.0,97.0,98.0,114.5,102.5
gLH_sFM_cAll_d18_mLH0_ch21,gLH,sFM,cAll,d18,mLH0,ch21,80,[ 87.  86. 139.  89. 105.  93. 130. 144.  84. 101. 105.],[109.  76.  86.  81. 128. 130.  88. 110.  85.  92.  70.],105.73,95.91,100.81818181818181,105.0,70.0,86.0,101.0,88.0,92.5
gPO_sBM_cAll_d11_mPO5_ch09,gPO,sBM,cAll,d11,mPO5,ch09,130,[118. 113.],[122.  98.],115.5,110.0,112.75,113.0,98.0,98.0,115.5,110.0,115.5
gHO_sBM_cAll_d19_mHO1_ch06,gHO,sBM,cAll,d19,mHO1,ch06,115,[ 74. 116.],[110. 115.],95.0,112.5,103.75,74.0,110.0,74.0,95.0,112.5,112.5
gLH_sBM_cAll_d17_mLH1_ch04,gLH,sBM,cAll,d17,mLH1,ch04,90,[143. 144. 144.],[111. 133.  94.],143.67,112.67,128.16666666666666,144.0,94.0,144.0,144.0,111.0,138.0
gMH_sBM_cAll_d23_mMH5_ch05,gMH,sBM,cAll,d23,mMH5,ch05,130,[122. 129.],[129. 126.],125.5,127.5,126.5,122.0,126.0,129.0,125.5,127.5,127.5
gBR_sBM_cAll_d04_mBR0_ch01,gBR,sBM,cAll,d04,mBR0,ch01,80,[125. 121. 122.],[70. 81. 80.],122.67,77.0,99.83333333333333,121.0,70.0,70.0,122.0,80.0,101.0
gMH_sBM_cAll_d24_mMH3_ch03,gMH,sBM,cAll,d24,mMH3,ch03,110,[112. 111.],[113. 111.],111.5,112.0,111.75,111.0,111.0,111.0,111.5,112.0,111.5
gKR_sBM_cAll_d29_mKR5_ch04,gKR,sBM,cAll,d29,mKR5,ch04,130,[131.  97.],[126. 127.],114.0,126.5,120.25,97.0,126.0,97.0,114.0,126.5,126.5
gWA_sBM_cAll_d26_mWA0_ch04,gWA,sBM,cAll,d26,mWA0,ch04,80,[81. 86. 79.],[116. 143.  70.],82.0,109.67,95.83333333333333,79.0,70.0,70.0,81.0,116.0,83.5
gLH_sBM_cAll_d18_mLH4_ch02,gLH,sBM,cAll,d18,mLH4,ch02,120,[100.  87.],[122. 118.],93.5,120.0,106.75,87.0,118.0,87.0,93.5,120.0,109.0
gMH_sFM_cAll_d23_mMH0_ch14,gMH,sFM,cAll,d23,mMH0,ch14,80,[117. 130. 140.  76.  89.  87. 100.  90.  88.  79.  99.],[ 83. 136.  84.  93.  91.  84. 112. 120. 144. 142.  99.],99.55,108.0,103.77272727272727,76.0,84.0,84.0,90.0,99.0,96.0
gHO_sBM_cAll_d21_mHO3_ch04,gHO,sBM,cAll,d21,mHO3,ch04,125,[124. 124.],[119. 124.],124.0,121.5,122.75,124.0,119.0,124.0,124.0,121.5,124.0
gMH_sBM_cAll_d22_mMH0_ch04,gMH,sBM,cAll,d22,mMH0,ch04,80,[84. 79. 79.],[72. 89. 80.],80.67,80.33,80.5,79.0,72.0,79.0,79.0,80.0,79.5
gHO_sBM_cAll_d20_mHO0_ch08,gHO,sBM,cAll,d20,mHO0,ch08,110,[113. 115.],[110. 111.],114.0,110.5,112.25,113.0,110.0,110.0,114.0,110.5,112.0
gHO_sBM_cAll_d21_mHO5_ch09,gHO,sBM,cAll,d21,mHO5,ch09,135,[133. 134.],[133. 134.],133.5,133.5,133.5,133.0,133.0,133.0,133.5,133.5,133.5
gLH_sBM_cAll_d18_mLH5_ch04,gLH,sBM,cAll,d18,mLH5,ch04,130,[131. 130.],[ 81. 132.],130.5,106.5,118.5,130.0,81.0,81.0,130.5,106.5,130.5
gJB_sBM_cAll_d08_mJB1_ch07,gJB,sBM,cAll,d08,mJB1,ch07,90,[109.  88.  90.],[136.  92.  94.],95.67,107.33,101.5,88.0,92.0,88.0,90.0,94.0,93.0
gLH_sBM_cAll_d16_mLH3_ch04,gLH,sBM,cAll,d16,mLH3,ch04,110,[ 99. 110.],[ 72. 112.],104.5,92.0,98.25,99.0,72.0,72.0,104.5,92.0,104.5
gLO_sBM_cAll_d15_mLO3_ch05,gLO,sBM,cAll,d15,mLO3,ch05,110,[78. 80.],[108.  81.],79.0,94.5,86.75,78.0,81.0,78.0,79.0,94.5,80.5
gMH_sBM_cAll_d24_mMH2_ch10,gMH,sBM,cAll,d24,mMH2,ch10,100,[144. 144. 133.],[102. 100.  92.],140.33,98.0,119.16666666666667,144.0,92.0,144.0,144.0,100.0,117.5
gMH_sBM_cAll_d24_mMH3_ch08,gMH,sBM,cAll,d24,mMH3,ch08,110,[141.  70.],[111. 114.],105.5,112.5,109.0,70.0,111.0,70.0,105.5,112.5,112.5
gHO_sBM_cAll_d19_mHO3_ch10,gHO,sBM,cAll,d19,mHO3,ch10,125,[70. 92.],[87. 91.],81.0,89.0,85.0,70.0,87.0,70.0,81.0,89.0,89.0
gPO_sBM_cAll_d11_mPO5_ch04,gPO,sBM,cAll,d11,mPO5,ch04,130,[108.  84.],[96. 70.],96.0,83.0,89.5,84.0,70.0,70.0,96.0,83.0,90.0
gJB_sBM_cAll_d09_mJB4_ch01,gJB,sBM,cAll,d09,mJB4,ch01,120,[113.  98.],[124. 110.],105.5,117.0,111.25,98.0,110.0,98.0,105.5,117.0,111.5
gJB_sFM_cAll_d07_mJB1_ch02,gJB,sFM,cAll,d07,mJB1,ch02,90,[136. 144.  71.  76. 105.  92. 107. 122. 100.  96.],[ 70.  93. 128. 120. 144.  77. 134.  86.  78. 103.],104.9,103.3,104.1,71.0,70.0,144.0,102.5,98.0,101.5
gLO_sFM_cAll_d14_mLO4_ch12,gLO,sFM,cAll,d14,mLO4,ch12,120,[119. 121.  85.  72. 118. 127. 101. 144.],[119. 121. 113. 119.  89.  99. 120. 129.],110.88,113.62,112.25,72.0,119.0,119.0,118.5,119.0,119.0
gKR_sBM_cAll_d28_mKR1_ch09,gKR,sBM,cAll,d28,mKR1,ch09,90,[70. 88. 85.],[ 94. 135.  70.],81.0,99.67,90.33333333333333,70.0,70.0,70.0,85.0,94.0,86.5
gPO_sBM_cAll_d10_mPO1_ch06,gPO,sBM,cAll,d10,mPO1,ch06,90,[116. 144. 107.],[144. 124. 115.],122.33,127.67,125.0,107.0,115.0,144.0,116.0,124.0,120.0
gHO_sBM_cAll_d19_mHO3_ch05,gHO,sBM,cAll,d19,mHO3,ch05,125,[118. 127.],[125. 125.],122.5,125.0,123.75,118.0,125.0,125.0,122.5,125.0,125.0
gHO_sBM_cAll_d20_mHO0_ch07,gHO,sBM,cAll,d20,mHO0,ch07,110,[116. 111.],[114. 111.],113.5,112.5,113.0,111.0,111.0,111.0,113.5,112.5,112.5
gJS_sBM_cAll_d03_mJS3_ch08,gJS,sBM,cAll,d03,mJS3,ch08,110,[143. 139.],[109. 111.],141.0,110.0,125.5,139.0,109.0,109.0,141.0,110.0,125.0
gJB_sBM_cAll_d09_mJB4_ch07,gJB,sBM,cAll,d09,mJB4,ch07,120,[116. 133.],[ 98. 103.],124.5,100.5,112.5,116.0,98.0,98.0,124.5,100.5,109.5
gLH_sBM_cAll_d18_mLH5_ch08,gLH,sBM,cAll,d18,mLH5,ch08,130,[ 89. 104.],[134. 130.],96.5,132.0,114.25,89.0,130.0,89.0,96.5,132.0,117.0
gBR_sBM_cAll_d06_mBR4_ch05,gBR,sBM,cAll,d06,mBR4,ch05,120,[92. 84.],[123. 117.],88.0,120.0,104.0,84.0,117.0,84.0,88.0,120.0,104.5
gMH_sBM_cAll_d22_mMH3_ch08,gMH,sBM,cAll,d22,mMH3,ch08,110,[105. 114.],[104. 118.],109.5,111.0,110.25,105.0,104.0,104.0,109.5,111.0,109.5
gLO_sBM_cAll_d14_mLO5_ch04,gLO,sBM,cAll,d14,mLO5,ch04,130,[144.  88.],[143. 130.],116.0,136.5,126.25,88.0,130.0,88.0,116.0,136.5,136.5
gWA_sBM_cAll_d27_mWA3_ch04,gWA,sBM,cAll,d27,mWA3,ch04,110,[128.  88.],[110. 143.],108.0,126.5,117.25,88.0,110.0,88.0,108.0,126.5,119.0
gHO_sBM_cAll_d20_mHO0_ch02,gHO,sBM,cAll,d20,mHO0,ch02,110,[116. 112.],[108. 109.],114.0,108.5,111.25,112.0,108.0,108.0,114.0,108.5,110.5
gJB_sBM_cAll_d07_mJB1_ch03,gJB,sBM,cAll,d07,mJB1,ch03,90,[99. 83. 82.],[87. 82. 83.],88.0,84.0,86.0,82.0,82.0,82.0,83.0,83.0,83.0
gJB_sBM_cAll_d09_mJB5_ch02,gJB,sBM,cAll,d09,mJB5,ch02,130,[70. 73.],[140. 144.],71.5,142.0,106.75,70.0,140.0,70.0,71.5,142.0,106.5
gKR_sBM_cAll_d29_mKR4_ch05,gKR,sBM,cAll,d29,mKR4,ch05,120,[103. 118.],[119. 119.],110.5,119.0,114.75,103.0,119.0,119.0,110.5,119.0,118.5
gPO_sBM_cAll_d12_mPO4_ch04,gPO,sBM,cAll,d12,mPO4,ch04,120,[ 94. 127.],[124. 107.],110.5,115.5,113.0,94.0,107.0,94.0,110.5,115.5,115.5
gJS_sFM_cAll_d03_mJS3_ch04,gJS,sFM,cAll,d03,mJS3,ch04,110,[144. 140. 111. 121. 144. 136. 108. 111.],[101.  98. 144. 113. 117. 130. 133.  87.],126.88,115.38,121.125,111.0,87.0,144.0,128.5,115.0,119.0
gWA_sBM_cAll_d27_mWA4_ch09,gWA,sBM,cAll,d27,mWA4,ch09,120,[118.  87.],[144.  85.],102.5,114.5,108.5,87.0,85.0,85.0,102.5,114.5,102.5
gJS_sBM_cAll_d01_mJS1_ch05,gJS,sBM,cAll,d01,mJS1,ch05,90,[144. 112.  85.],[115. 103. 123.],113.67,113.67,113.66666666666667,85.0,103.0,85.0,112.0,115.0,113.5
gWA_sBM_cAll_d25_mWA0_ch09,gWA,sBM,cAll,d25,mWA0,ch09,80,[144.  84.  90.],[ 72.  94. 144.],106.0,103.33,104.66666666666667,84.0,72.0,144.0,90.0,94.0,92.0
gPO_sFM_cAll_d12_mPO5_ch20,gPO,sFM,cAll,d12,mPO5,ch20,130,[114. 106.  78. 113. 125. 132. 144.],[118. 104.  87.  73. 126. 119. 132.],116.0,108.43,112.21428571428571,78.0,73.0,132.0,114.0,118.0,116.0
gLO_sFM_cAll_d15_mLO2_ch17,gLO,sFM,cAll,d15,mLO2,ch17,100,[114. 144.  94.  94. 125. 144. 144. 101.  70.],[143. 101.  94. 111.  87. 106.  95. 144. 111.],114.44,110.22,112.33333333333333,144.0,111.0,144.0,114.0,106.0,108.5
gJB_sBM_cAll_d09_mJB4_ch02,gJB,sBM,cAll,d09,mJB4,ch02,120,[ 70. 128.],[121. 126.],99.0,123.5,111.25,70.0,121.0,70.0,99.0,123.5,123.5
gLO_sBM_cAll_d13_mLO1_ch08,gLO,sBM,cAll,d13,mLO1,ch08,90,[85. 90. 85.],[90. 91. 88.],86.67,89.67,88.16666666666667,85.0,88.0,85.0,85.0,90.0,89.0
gPO_sBM_cAll_d11_mPO1_ch02,gPO,sBM,cAll,d11,mPO1,ch02,90,[ 79.  91. 144.],[92. 89. 89.],104.67,90.0,97.33333333333333,79.0,89.0,89.0,91.0,89.0,90.0
gLO_sBM_cAll_d14_mLO4_ch06,gLO,sBM,cAll,d14,mLO4,ch06,120,[112.  95.],[ 75. 116.],103.5,95.5,99.5,95.0,75.0,75.0,103.5,95.5,103.5
gPO_sBM_cAll_d11_mPO1_ch09,gPO,sBM,cAll,d11,mPO1,ch09,90,[87. 74. 82.],[117.  94.  86.],81.0,99.0,90.0,74.0,86.0,74.0,82.0,94.0,86.5
gHO_sBM_cAll_d19_mHO3_ch02,gHO,sBM,cAll,d19,mHO3,ch02,125,[133. 124.],[138. 126.],128.5,132.0,130.25,124.0,126.0,124.0,128.5,132.0,129.5
gJB_sBM_cAll_d08_mJB1_ch08,gJB,sBM,cAll,d08,mJB1,ch08,90,[115. 125.  84.],[100. 110.  84.],108.0,98.0,103.0,84.0,84.0,84.0,115.0,100.0,105.0
gKR_sBM_cAll_d29_mKR4_ch06,gKR,sBM,cAll,d29,mKR4,ch06,120,[94. 88.],[102.  91.],91.0,96.5,93.75,88.0,91.0,88.0,91.0,96.5,92.5
gMH_sFM_cAll_d24_mMH2_ch21,gMH,sFM,cAll,d24,mMH2,ch21,100,[105. 121.  76. 107. 100. 124.  77. 111. 116.],[144. 138. 117.  94. 135. 137. 118. 128. 101.],104.11,123.56,113.83333333333333,76.0,94.0,76.0,107.0,128.0,116.5
gWA_sBM_cAll_d26_mWA5_ch06,gWA,sBM,cAll,d26,mWA5,ch06,130,[132. 132.],[79. 75.],132.0,77.0,104.5,132.0,75.0,132.0,132.0,77.0,105.5
gBR_sBM_cAll_d06_mBR3_ch01,gBR,sBM,cAll,d06,mBR3,ch01,110,[ 87. 106.],[112. 109.],96.5,110.5,103.5,87.0,109.0,87.0,96.5,110.5,107.5
gKR_sBM_cAll_d29_mKR0_ch01,gKR,sBM,cAll,d29,mKR0,ch01,80,[ 82. 144. 103.],[101. 112. 109.],109.67,107.33,108.5,82.0,101.0,82.0,103.0,109.0,106.0
gLH_sBM_cAll_d18_mLH2_ch05,gLH,sBM,cAll,d18,mLH2,ch05,100,[ 74.  99. 108.],[94. 99. 97.],93.67,96.67,95.16666666666667,74.0,94.0,99.0,99.0,97.0,98.0
gJB_sBM_cAll_d07_mJB0_ch08,gJB,sBM,cAll,d07,mJB0,ch08,80,[87. 93. 87.],[ 83.  86. 113.],89.0,94.0,91.5,87.0,83.0,87.0,87.0,86.0,87.0
gHO_sBM_cAll_d20_mHO0_ch10,gHO,sBM,cAll,d20,mHO0,ch10,110,[144.  80.],[107. 108.],112.0,107.5,109.75,80.0,107.0,80.0,112.0,107.5,107.5
gLH_sFM_cAll_d16_mLH3_ch07,gLH,sFM,cAll,d16,mLH3,ch07,110,[ 95.  87. 123.  70. 100. 128. 101. 130.],[ 97. 100. 118. 108. 112.  88.  91. 101.],104.25,101.88,103.0625,70.0,88.0,100.0,100.5,100.5,100.5
gWA_sBM_cAll_d25_mWA1_ch10,gWA,sBM,cAll,d25,mWA1,ch10,90,[105.  91.  93.],[140. 115.  92.],96.33,115.67,106.0,91.0,92.0,91.0,93.0,115.0,99.0
gMH_sBM_cAll_d22_mMH0_ch07,gMH,sBM,cAll,d22,mMH0,ch07,80,[90. 90. 77.],[144.  81.  76.],85.67,100.33,93.0,90.0,76.0,90.0,90.0,81.0,85.5
gJB_sBM_cAll_d07_mJB3_ch06,gJB,sBM,cAll,d07,mJB3,ch06,110,[ 82. 131.],[102. 104.],106.5,103.0,104.75,82.0,102.0,82.0,106.5,103.0,103.0
gKR_sBM_cAll_d30_mKR2_ch05,gKR,sBM,cAll,d30,mKR2,ch05,100,[ 98. 107.  90.],[113.  97. 104.],98.33,104.67,101.5,90.0,97.0,90.0,98.0,104.0,101.0
gKR_sBM_cAll_d29_mKR1_ch03,gKR,sBM,cAll,d29,mKR1,ch03,90,[103.  99. 107.],[131. 139.  99.],103.0,123.0,113.0,99.0,99.0,99.0,103.0,131.0,105.0
gWA_sBM_cAll_d26_mWA1_ch06,gWA,sBM,cAll,d26,mWA1,ch06,90,[ 96. 108.  74.],[ 77. 121. 114.],92.67,104.0,98.33333333333333,74.0,77.0,74.0,96.0,114.0,102.0
gPO_sBM_cAll_d10_mPO0_ch03,gPO,sBM,cAll,d10,mPO0,ch03,80,[96. 76. 79.],[81. 81. 80.],83.67,80.67,82.16666666666667,76.0,81.0,81.0,79.0,81.0,80.5
gLH_sBM_cAll_d17_mLH4_ch08,gLH,sBM,cAll,d17,mLH4,ch08,120,[114. 121.],[117. 125.],117.5,121.0,119.25,114.0,117.0,114.0,117.5,121.0,119.0
gMH_sBM_cAll_d22_mMH3_ch07,gMH,sBM,cAll,d22,mMH3,ch07,110,[132. 106.],[114. 109.],119.0,111.5,115.25,106.0,109.0,106.0,119.0,111.5,111.5
gKR_sFM_cAll_d30_mKR1_ch16,gKR,sFM,cAll,d30,mKR1,ch16,90,[ 80. 103. 120.  83. 104. 103. 101. 123. 136. 129.],[111.  90. 120. 103.  88.  87. 122. 124.  96.  88.],108.2,102.9,105.55,103.0,88.0,103.0,103.5,99.5,103.0
gHO_sBM_cAll_d21_mHO3_ch03,gHO,sBM,cAll,d21,mHO3,ch03,125,[129.  94.],[ 87. 124.],111.5,105.5,108.5,94.0,87.0,87.0,111.5,105.5,109.0
gHO_sBM_cAll_d21_mHO3_ch08,gHO,sBM,cAll,d21,mHO3,ch08,125,[ 92. 134.],[125. 125.],113.0,125.0,119.0,92.0,125.0,125.0,113.0,125.0,125.0
gLH_sBM_cAll_d18_mLH5_ch05,gLH,sBM,cAll,d18,mLH5,ch05,130,[131. 130.],[134. 126.],130.5,130.0,130.25,130.0,126.0,126.0,130.5,130.0,130.5
gLO_sBM_cAll_d14_mLO1_ch03,gLO,sBM,cAll,d14,mLO1,ch03,90,[127.  70. 102.],[134.  95.  88.],99.67,105.67,102.66666666666667,70.0,88.0,70.0,102.0,95.0,98.5
gWA_sBM_cAll_d26_mWA1_ch05,gWA,sBM,cAll,d26,mWA1,ch05,90,[112. 129.  83.],[144.  92. 123.],108.0,119.67,113.83333333333333,83.0,92.0,83.0,112.0,123.0,117.5
gWA_sBM_cAll_d26_mWA4_ch04,gWA,sBM,cAll,d26,mWA4,ch04,120,[97. 83.],[100.  90.],90.0,95.0,92.5,83.0,90.0,83.0,90.0,95.0,93.5
gLH_sBM_cAll_d17_mLH0_ch03,gLH,sBM,cAll,d17,mLH0,ch03,80,[95. 98. 99.],[98. 82. 79.],97.33,86.33,91.83333333333333,95.0,79.0,98.0,98.0,82.0,96.5
gKR_sBM_cAll_d29_mKR0_ch06,gKR,sBM,cAll,d29,mKR0,ch06,80,[143. 117.  73.],[144. 112.  79.],111.0,111.67,111.33333333333333,73.0,79.0,73.0,117.0,112.0,114.5
gJS_sBM_cAll_d03_mJS3_ch05,gJS,sBM,cAll,d03,mJS3,ch05,110,[119. 144.],[126.  80.],131.5,103.0,117.25,119.0,80.0,80.0,131.5,103.0,122.5
gJS_sBM_cAll_d02_mJS0_ch04,gJS,sBM,cAll,d02,mJS0,ch04,80,[124. 121. 116.],[144.  89.  85.],120.33,106.0,113.16666666666667,116.0,85.0,85.0,121.0,89.0,118.5
gLO_sBM_cAll_d13_mLO3_ch03,gLO,sBM,cAll,d13,mLO3,ch03,110,[104. 136.],[ 94. 118.],120.0,106.0,113.0,104.0,94.0,94.0,120.0,106.0,111.0
gJB_sBM_cAll_d08_mJB1_ch03,gJB,sBM,cAll,d08,mJB1,ch03,90,[ 75.  76. 144.],[136.  78. 144.],98.33,119.33,108.83333333333333,75.0,78.0,144.0,76.0,136.0,107.0
gMH_sBM_cAll_d22_mMH2_ch01,gMH,sBM,cAll,d22,mMH2,ch01,100,[102. 128. 100.],[102. 137. 127.],110.0,122.0,116.0,100.0,102.0,102.0,102.0,127.0,114.5
gKR_sBM_cAll_d28_mKR3_ch05,gKR,sBM,cAll,d28,mKR3,ch05,110,[137. 139.],[143. 114.],138.0,128.5,133.25,137.0,114.0,114.0,138.0,128.5,138.0
gHO_sBM_cAll_d20_mHO4_ch04,gHO,sBM,cAll,d20,mHO4,ch04,130,[ 70. 128.],[129. 130.],99.0,129.5,114.25,70.0,129.0,70.0,99.0,129.5,128.5
gLH_sFM_cAll_d18_mLH1_ch16,gLH,sFM,cAll,d18,mLH1,ch16,90,[ 84.  78. 139.  88.  86. 111.  83. 144. 101. 100.],[ 89.  84. 111.  71. 125. 139.  87.  87. 127. 107.],101.4,102.7,102.05,78.0,87.0,84.0,94.0,98.0,94.5
gPO_sFM_cAll_d10_mPO1_ch02,gPO,sFM,cAll,d10,mPO1,ch02,90,[122. 131. 106.  83.  98. 101. 132.  94. 142.  81.],[121. 120.  70.  88.  96.  76.  70.  94. 128. 110.],109.0,97.3,103.15,81.0,70.0,70.0,103.5,95.0,99.5
gLO_sBM_cAll_d14_mLO0_ch10,gLO,sBM,cAll,d14,mLO0,ch10,80,[144. 126.  77.],[109.  83. 119.],115.67,103.67,109.66666666666667,77.0,83.0,77.0,126.0,109.0,114.0
gPO_sFM_cAll_d10_mPO3_ch04,gPO,sFM,cAll,d10,mPO3,ch04,110,[ 76. 116. 105.  87.  72. 118.  74.  87.],[ 73.  87. 144. 113. 113. 113. 110. 103.],91.88,107.0,99.4375,87.0,113.0,87.0,87.0,111.5,104.0
gWA_sBM_cAll_d27_mWA2_ch05,gWA,sBM,cAll,d27,mWA2,ch05,100,[137.  95. 113.],[101.  97. 105.],115.0,101.0,108.0,95.0,97.0,95.0,113.0,101.0,103.0
gJS_sFM_cAll_d03_mJS2_ch03,gJS,sFM,cAll,d03,mJS2,ch03,100,[ 92.  71. 105.  82. 108.  88.  79.  91. 137.],[ 79.  99. 144. 127. 135. 102.  90.  75. 132.],94.78,109.22,102.0,71.0,75.0,79.0,91.0,102.0,95.5
gHO_sBM_cAll_d21_mHO2_ch06,gHO,sBM,cAll,d21,mHO2,ch06,120,[115. 123.],[123. 122.],119.0,122.5,120.75,115.0,122.0,123.0,119.0,122.5,122.5
gHO_sBM_cAll_d19_mHO2_ch05,gHO,sBM,cAll,d19,mHO2,ch05,120,[116. 121.],[115. 121.],118.5,118.0,118.25,116.0,115.0,121.0,118.5,118.0,118.5
gJB_sBM_cAll_d07_mJB3_ch07,gJB,sBM,cAll,d07,mJB3,ch07,110,[103.  88.],[117.  98.],95.5,107.5,101.5,88.0,98.0,88.0,95.5,107.5,100.5
gWA_sBM_cAll_d25_mWA2_ch03,gWA,sBM,cAll,d25,mWA2,ch03,100,[ 70.  77. 108.],[123.  70. 103.],85.0,98.67,91.83333333333333,70.0,70.0,70.0,77.0,103.0,90.0
gHO_sBM_cAll_d21_mHO4_ch05,gHO,sBM,cAll,d21,mHO4,ch05,130,[126. 131.],[111. 130.],128.5,120.5,124.5,126.0,111.0,111.0,128.5,120.5,128.0
gKR_sBM_cAll_d29_mKR5_ch07,gKR,sBM,cAll,d29,mKR5,ch07,130,[122.  76.],[136.  70.],99.0,103.0,101.0,76.0,70.0,70.0,99.0,103.0,99.0
gJS_sBM_cAll_d03_mJS3_ch04,gJS,sBM,cAll,d03,mJS3,ch04,110,[82. 81.],[85. 70.],81.5,77.5,79.5,81.0,70.0,70.0,81.5,77.5,81.5
gLO_sBM_cAll_d15_mLO5_ch08,gLO,sBM,cAll,d15,mLO5,ch08,130,[101.  96.],[127. 129.],98.5,128.0,113.25,96.0,127.0,96.0,98.5,128.0,114.0
gJS_sBM_cAll_d01_mJS2_ch06,gJS,sBM,cAll,d01,mJS2,ch06,100,[126. 122. 109.],[115.  92.  70.],119.0,92.33,105.66666666666667,109.0,70.0,70.0,122.0,92.0,112.0
gHO_sBM_cAll_d21_mHO5_ch03,gHO,sBM,cAll,d21,mHO5,ch03,135,[141. 102.],[104. 100.],121.5,102.0,111.75,102.0,100.0,100.0,121.5,102.0,103.0
gJS_sBM_cAll_d01_mJS1_ch03,gJS,sBM,cAll,d01,mJS1,ch03,90,[ 70. 121.  87.],[116. 108.  95.],92.67,106.33,99.5,70.0,95.0,70.0,87.0,108.0,101.5
gWA_sBM_cAll_d27_mWA4_ch03,gWA,sBM,cAll,d27,mWA4,ch03,120,[70. 83.],[ 95. 101.],76.5,98.0,87.25,70.0,95.0,70.0,76.5,98.0,89.0
gLO_sBM_cAll_d14_mLO1_ch07,gLO,sBM,cAll,d14,mLO1,ch07,90,[144. 132. 127.],[107. 112. 142.],134.33,120.33,127.33333333333333,127.0,107.0,107.0,132.0,112.0,129.5
gWA_sBM_cAll_d27_mWA3_ch01,gWA,sBM,cAll,d27,mWA3,ch01,110,[144. 117.],[ 95. 139.],130.5,117.0,123.75,117.0,95.0,95.0,130.5,117.0,128.0
gJS_sFM_cAll_d02_mJS4_ch09,gJS,sFM,cAll,d02,mJS4,ch09,120,[124. 114. 114. 115. 126.  94.  95. 144.],[121. 104. 122. 144. 129.  92. 144.  82.],115.75,117.25,116.5,114.0,144.0,144.0,114.5,121.5,118.0
gHO_sBM_cAll_d21_mHO4_ch09,gHO,sBM,cAll,d21,mHO4,ch09,130,[129. 130.],[131. 132.],129.5,131.5,130.5,129.0,131.0,129.0,129.5,131.5,130.5
gLH_sBM_cAll_d16_mLH3_ch02,gLH,sBM,cAll,d16,mLH3,ch02,110,[114. 134.],[111. 109.],124.0,110.0,117.0,114.0,109.0,109.0,124.0,110.0,112.5
gLH_sBM_cAll_d18_mLH5_ch10,gLH,sBM,cAll,d18,mLH5,ch10,130,[115.  70.],[133. 130.],92.5,131.5,112.0,70.0,130.0,70.0,92.5,131.5,122.5
gHO_sBM_cAll_d19_mHO1_ch07,gHO,sBM,cAll,d19,mHO1,ch07,115,[124. 113.],[113. 115.],118.5,114.0,116.25,113.0,113.0,113.0,118.5,114.0,114.0
gLO_sBM_cAll_d15_mLO4_ch07,gLO,sBM,cAll,d15,mLO4,ch07,120,[126. 121.],[105. 124.],123.5,114.5,119.0,121.0,105.0,105.0,123.5,114.5,122.5
gWA_sFM_cAll_d27_mWA2_ch17,gWA,sFM,cAll,d27,mWA2,ch17,100,[ 89.  76.  82.  87. 119. 102. 131. 104.  75.],[105. 115.  81.  92. 104. 141. 144. 136. 107.],96.11,113.89,105.0,75.0,81.0,104.0,89.0,107.0,104.0
gWA_sBM_cAll_d27_mWA5_ch02,gWA,sBM,cAll,d27,mWA5,ch02,130,[ 98. 144.],[144. 126.],121.0,135.0,128.0,98.0,126.0,144.0,121.0,135.0,135.0
gMH_sBM_cAll_d22_mMH1_ch01,gMH,sBM,cAll,d22,mMH1,ch01,90,[ 93. 141.  91.],[126.  88.  80.],108.33,98.0,103.16666666666667,91.0,80.0,80.0,93.0,88.0,92.0
gPO_sFM_cAll_d12_mPO1_ch16,gPO,sFM,cAll,d12,mPO1,ch16,90,[122.  79. 107.  96.  95. 138.  89.  90. 144. 117.],[ 97. 126.  85. 110.  95. 144. 140.  93.  90. 121.],107.7,110.1,108.9,79.0,85.0,90.0,101.5,103.5,102.0
gKR_sBM_cAll_d28_mKR1_ch03,gKR,sBM,cAll,d28,mKR1,ch03,90,[110.  70.  95.],[89. 89. 90.],91.67,89.33,90.5,70.0,89.0,89.0,95.0,89.0,89.5
gHO_sBM_cAll_d21_mHO5_ch06,gHO,sBM,cAll,d21,mHO5,ch06,135,[88. 86.],[135. 136.],87.0,135.5,111.25,86.0,135.0,86.0,87.0,135.5,111.5
gLH_sBM_cAll_d16_mLH3_ch05,gLH,sBM,cAll,d16,mLH3,ch05,110,[120.  81.],[106. 111.],100.5,108.5,104.5,81.0,106.0,81.0,100.5,108.5,108.5
gWA_sBM_cAll_d25_mWA2_ch08,gWA,sBM,cAll,d25,mWA2,ch08,100,[132.  80. 125.],[101.  99. 115.],112.33,105.0,108.66666666666667,80.0,99.0,80.0,125.0,101.0,108.0
gMH_sFM_cAll_d23_mMH4_ch12,gMH,sFM,cAll,d23,mMH4,ch12,120,[ 73. 123. 131. 123.  90. 106. 142.  84.],[100. 122. 137. 115. 128.  84. 101.  81.],109.0,108.5,108.75,123.0,81.0,84.0,114.5,108.0,110.5
gBR_sBM_cAll_d04_mBR3_ch02,gBR,sBM,cAll,d04,mBR3,ch02,110,[114. 108.],[144. 110.],111.0,127.0,119.0,108.0,110.0,108.0,111.0,127.0,112.0
gJS_sBM_cAll_d03_mJS5_ch05,gJS,sBM,cAll,d03,mJS5,ch05,130,[135. 100.],[123. 125.],117.5,124.0,120.75,100.0,123.0,100.0,117.5,124.0,124.0
gJB_sBM_cAll_d08_mJB5_ch02,gJB,sBM,cAll,d08,mJB5,ch02,130,[70. 71.],[ 70. 131.],70.5,100.5,85.5,70.0,70.0,70.0,70.5,100.5,70.5
gJB_sBM_cAll_d09_mJB2_ch08,gJB,sBM,cAll,d09,mJB2,ch08,100,[112.  81. 144.],[136.  82. 108.],112.33,108.67,110.5,81.0,82.0,81.0,112.0,108.0,110.0
gMH_sBM_cAll_d24_mMH5_ch03,gMH,sBM,cAll,d24,mMH5,ch03,130,[ 97. 132.],[133. 130.],114.5,131.5,123.0,97.0,130.0,97.0,114.5,131.5,131.0
gLO_sBM_cAll_d13_mLO3_ch07,gLO,sBM,cAll,d13,mLO3,ch07,110,[113. 109.],[120. 111.],111.0,115.5,113.25,109.0,111.0,109.0,111.0,115.5,112.0
gWA_sBM_cAll_d26_mWA5_ch09,gWA,sBM,cAll,d26,mWA5,ch09,130,[122. 142.],[ 70. 134.],132.0,102.0,117.0,122.0,70.0,70.0,132.0,102.0,128.0
gHO_sBM_cAll_d21_mHO4_ch07,gHO,sBM,cAll,d21,mHO4,ch07,130,[119. 132.],[125. 131.],125.5,128.0,126.75,119.0,125.0,119.0,125.5,128.0,128.0
gLO_sBM_cAll_d13_mLO1_ch06,gLO,sBM,cAll,d13,mLO1,ch06,90,[90. 90. 91.],[120.  70. 133.],90.33,107.67,99.0,90.0,70.0,90.0,90.0,120.0,90.5
gMH_sBM_cAll_d22_mMH3_ch10,gMH,sBM,cAll,d22,mMH3,ch10,110,[115. 111.],[111. 109.],113.0,110.0,111.5,111.0,109.0,111.0,113.0,110.0,111.0
gMH_sBM_cAll_d22_mMH3_ch05,gMH,sBM,cAll,d22,mMH3,ch05,110,[110. 112.],[109. 110.],111.0,109.5,110.25,110.0,109.0,110.0,111.0,109.5,110.0
gLH_sFM_cAll_d16_mLH3_ch04,gLH,sFM,cAll,d16,mLH3,ch04,110,[117. 114. 118. 132. 131. 134. 110. 138.],[107.  96. 106. 105. 107.  80. 113. 105.],124.25,102.38,113.3125,110.0,105.0,105.0,124.5,105.5,111.5
gJB_sBM_cAll_d08_mJB0_ch02,gJB,sBM,cAll,d08,mJB0,ch02,80,[ 84.  88. 133.],[ 83. 123. 144.],101.67,116.67,109.16666666666667,84.0,83.0,83.0,88.0,123.0,105.5
gKR_sBM_cAll_d30_mKR5_ch07,gKR,sBM,cAll,d30,mKR5,ch07,130,[106.  81.],[144. 127.],93.5,135.5,114.5,81.0,127.0,81.0,93.5,135.5,116.5
gLO_sBM_cAll_d13_mLO1_ch09,gLO,sBM,cAll,d13,mLO1,ch09,90,[ 72.  70. 115.],[102.  91. 107.],85.67,100.0,92.83333333333333,70.0,91.0,70.0,72.0,102.0,96.5
gBR_sBM_cAll_d05_mBR5_ch02,gBR,sBM,cAll,d05,mBR5,ch02,130,[ 89. 100.],[96. 97.],94.5,96.5,95.5,89.0,96.0,89.0,94.5,96.5,96.5
gKR_sBM_cAll_d28_mKR1_ch01,gKR,sBM,cAll,d28,mKR1,ch01,90,[ 75. 133. 138.],[137.  88.  89.],115.33,104.67,110.0,75.0,88.0,75.0,133.0,89.0,111.0
gJS_sBM_cAll_d01_mJS0_ch03,gJS,sBM,cAll,d01,mJS0,ch03,80,[ 82.  94. 114.],[144.  99.  95.],96.67,112.67,104.66666666666667,82.0,95.0,82.0,94.0,99.0,97.0
gJS_sFM_cAll_d01_mJS5_ch06,gJS,sFM,cAll,d01,mJS5,ch06,130,[144.  72. 120. 134. 144.  75. 121.],[ 95.  70.  97. 101.  75.  82.  87.],115.71,86.71,101.21428571428571,144.0,70.0,75.0,121.0,87.0,96.0
gKR_sBM_cAll_d29_mKR4_ch03,gKR,sBM,cAll,d29,mKR4,ch03,120,[ 90. 144.],[76. 92.],117.0,84.0,100.5,90.0,76.0,76.0,117.0,84.0,91.0
gMH_sBM_cAll_d22_mMH2_ch08,gMH,sBM,cAll,d22,mMH2,ch08,100,[ 97.  99. 144.],[ 99. 105.  97.],113.33,100.33,106.83333333333333,97.0,97.0,97.0,99.0,99.0,99.0
gMH_sBM_cAll_d23_mMH4_ch10,gMH,sBM,cAll,d23,mMH4,ch10,120,[108. 120.],[117. 117.],114.0,117.0,115.5,108.0,117.0,117.0,114.0,117.0,117.0
gJB_sBM_cAll_d08_mJB0_ch05,gJB,sBM,cAll,d08,mJB0,ch05,80,[ 71. 105. 119.],[120.  85. 144.],98.33,116.33,107.33333333333333,71.0,85.0,71.0,105.0,120.0,112.0
gLO_sBM_cAll_d15_mLO2_ch08,gLO,sBM,cAll,d15,mLO2,ch08,100,[73. 76. 78.],[106. 100.  93.],75.67,99.67,87.66666666666667,73.0,93.0,73.0,76.0,100.0,85.5
gBR_sBM_cAll_d06_mBR5_ch06,gBR,sBM,cAll,d06,mBR5,ch06,130,[ 74. 125.],[115.  97.],99.5,106.0,102.75,74.0,97.0,74.0,99.5,106.0,106.0
gHO_sBM_cAll_d19_mHO3_ch07,gHO,sBM,cAll,d19,mHO3,ch07,125,[ 71. 123.],[132. 122.],97.0,127.0,112.0,71.0,122.0,71.0,97.0,127.0,122.5
gJS_sBM_cAll_d03_mJS2_ch09,gJS,sBM,cAll,d03,mJS2,ch09,100,[ 76. 119.  70.],[ 71.  70. 144.],88.33,95.0,91.66666666666667,70.0,70.0,70.0,76.0,71.0,73.5
gHO_sFM_cAll_d20_mHO4_ch12,gHO,sFM,cAll,d20,mHO4,ch12,130,[124. 122. 111. 113.  84. 112. 112.],[144. 131. 104. 126. 132. 112. 132.],111.14,125.86,118.5,112.0,132.0,112.0,112.0,131.0,117.5
gJB_sBM_cAll_d07_mJB2_ch03,gJB,sBM,cAll,d07,mJB2,ch03,100,[80. 82. 86.],[82. 81. 73.],82.67,78.67,80.66666666666667,80.0,73.0,82.0,82.0,81.0,81.5
gLH_sFM_cAll_d18_mLH5_ch20,gLH,sFM,cAll,d18,mLH5,ch20,130,[ 98. 133.  70. 114. 100.  94.  82.],[126. 117.  97. 134. 144.  98. 144.],98.71,122.86,110.78571428571429,70.0,144.0,98.0,98.0,126.0,107.0
gBR_sBM_cAll_d05_mBR4_ch05,gBR,sBM,cAll,d05,mBR4,ch05,120,[ 99. 121.],[126. 119.],110.0,122.5,116.25,99.0,119.0,99.0,110.0,122.5,120.0
gJB_sBM_cAll_d08_mJB4_ch03,gJB,sBM,cAll,d08,mJB4,ch03,120,[133. 120.],[136. 124.],126.5,130.0,128.25,120.0,124.0,120.0,126.5,130.0,128.5
gMH_sBM_cAll_d22_mMH0_ch10,gMH,sBM,cAll,d22,mMH0,ch10,80,[75. 81. 79.],[83. 80. 81.],78.33,81.33,79.83333333333333,75.0,80.0,81.0,79.0,81.0,80.5
gJB_sFM_cAll_d07_mJB3_ch04,gJB,sFM,cAll,d07,mJB3,ch04,110,[130. 106. 134. 105. 104. 113. 120. 133.],[108. 139. 108. 102. 103.  72.  80. 100.],118.12,101.5,109.8125,104.0,108.0,108.0,116.5,102.5,107.0
gMH_sBM_cAll_d23_mMH1_ch03,gMH,sBM,cAll,d23,mMH1,ch03,90,[143.  86.  91.],[93. 90. 84.],106.67,89.0,97.83333333333333,86.0,84.0,84.0,91.0,90.0,90.5
gMH_sBM_cAll_d22_mMH3_ch06,gMH,sBM,cAll,d22,mMH3,ch06,110,[79. 82.],[109. 112.],80.5,110.5,95.5,79.0,109.0,79.0,80.5,110.5,95.5
gLH_sFM_cAll_d17_mLH0_ch14,gLH,sFM,cAll,d17,mLH0,ch14,80,[ 70.  86.  80. 120. 117.  95. 126.  70. 117. 113.  98.],[119. 136. 123.  80. 102. 132. 115.  71. 108. 114.  95.],99.27,108.64,103.95454545454545,70.0,71.0,70.0,98.0,114.0,110.5
gWA_sFM_cAll_d26_mWA5_ch13,gWA,sFM,cAll,d26,mWA5,ch13,130,[131. 138.  70. 127. 138. 131. 129.],[134. 130. 131. 130. 102. 132. 117.],123.43,125.14,124.28571428571429,131.0,130.0,131.0,131.0,130.0,130.5
gJB_sBM_cAll_d07_mJB2_ch02,gJB,sBM,cAll,d07,mJB2,ch02,100,[70. 97. 75.],[122.  74. 134.],80.67,110.0,95.33333333333333,70.0,74.0,70.0,75.0,122.0,86.0
gPO_sBM_cAll_d12_mPO3_ch04,gPO,sBM,cAll,d12,mPO3,ch04,110,[144.  93.],[144. 114.],118.5,129.0,123.75,93.0,114.0,144.0,118.5,129.0,129.0
gLH_sBM_cAll_d16_mLH2_ch10,gLH,sBM,cAll,d16,mLH2,ch10,100,[136. 102. 102.],[102. 100.  98.],113.33,100.0,106.66666666666667,102.0,98.0,102.0,102.0,100.0,102.0
gPO_sFM_cAll_d10_mPO3_ch07,gPO,sFM,cAll,d10,mPO3,ch07,110,[113. 111.  93. 136. 118. 144.  79.  90.],[137. 131. 107. 103. 111. 107. 109. 115.],110.5,115.0,112.75,79.0,107.0,107.0,112.0,110.0,111.0
gJB_sBM_cAll_d07_mJB0_ch01,gJB,sBM,cAll,d07,mJB0,ch01,80,[89. 84. 80.],[133. 106. 140.],84.33,126.33,105.33333333333333,80.0,106.0,80.0,84.0,133.0,97.5
gBR_sBM_cAll_d06_mBR2_ch03,gBR,sBM,cAll,d06,mBR2,ch03,100,[101. 100. 104.],[103. 100.  97.],101.67,100.0,100.83333333333333,100.0,97.0,100.0,101.0,100.0,100.5
gMH_sFM_cAll_d23_mMH3_ch11,gMH,sFM,cAll,d23,mMH3,ch11,110,[ 99.  98. 117. 101.  93. 109. 100. 109.],[114. 111. 109.  94. 106. 134. 107. 106.],103.25,110.12,106.6875,109.0,106.0,109.0,100.5,108.0,106.5
gKR_sBM_cAll_d30_mKR3_ch05,gKR,sBM,cAll,d30,mKR3,ch05,110,[84. 80.],[ 77. 133.],82.0,105.0,93.5,80.0,77.0,77.0,82.0,105.0,82.0
gJS_sBM_cAll_d02_mJS5_ch02,gJS,sBM,cAll,d02,mJS5,ch02,130,[113. 109.],[99. 70.],111.0,84.5,97.75,109.0,70.0,70.0,111.0,84.5,104.0
gLO_sBM_cAll_d13_mLO3_ch08,gLO,sBM,cAll,d13,mLO3,ch08,110,[118. 112.],[111. 109.],115.0,110.0,112.5,112.0,109.0,109.0,115.0,110.0,111.5
gBR_sBM_cAll_d05_mBR1_ch04,gBR,sBM,cAll,d05,mBR1,ch04,90,[132. 141.  96.],[101.  90.  89.],123.0,93.33,108.16666666666667,96.0,89.0,89.0,132.0,90.0,98.5
gLH_sBM_cAll_d18_mLH3_ch01,gLH,sBM,cAll,d18,mLH3,ch01,110,[117. 100.],[ 73. 111.],108.5,92.0,100.25,100.0,73.0,73.0,108.5,92.0,105.5
gLH_sBM_cAll_d17_mLH4_ch04,gLH,sBM,cAll,d17,mLH4,ch04,120,[140. 121.],[116.  93.],130.5,104.5,117.5,121.0,93.0,93.0,130.5,104.5,118.5
gHO_sBM_cAll_d20_mHO1_ch09,gHO,sBM,cAll,d20,mHO1,ch09,115,[114. 115.],[116. 116.],114.5,116.0,115.25,114.0,116.0,116.0,114.5,116.0,115.5
gPO_sBM_cAll_d10_mPO2_ch10,gPO,sBM,cAll,d10,mPO2,ch10,100,[112.  70.  75.],[ 99. 131.  78.],85.67,102.67,94.16666666666667,70.0,78.0,70.0,75.0,99.0,88.5
gJS_sBM_cAll_d03_mJS4_ch10,gJS,sBM,cAll,d03,mJS4,ch10,120,[ 85. 104.],[141. 144.],94.5,142.5,118.5,85.0,141.0,85.0,94.5,142.5,122.5
gLO_sBM_cAll_d13_mLO3_ch04,gLO,sBM,cAll,d13,mLO3,ch04,110,[111.  70.],[144.  86.],90.5,115.0,102.75,70.0,86.0,70.0,90.5,115.0,98.5
gBR_sBM_cAll_d04_mBR1_ch04,gBR,sBM,cAll,d04,mBR1,ch04,90,[ 89. 113.  91.],[95. 91. 92.],97.67,92.67,95.16666666666667,89.0,91.0,91.0,91.0,92.0,91.5
gJB_sBM_cAll_d09_mJB3_ch03,gJB,sBM,cAll,d09,mJB3,ch03,110,[ 70. 112.],[108. 114.],91.0,111.0,101.0,70.0,108.0,70.0,91.0,111.0,110.0
gWA_sBM_cAll_d27_mWA3_ch06,gWA,sBM,cAll,d27,mWA3,ch06,110,[118.  93.],[ 77. 115.],105.5,96.0,100.75,93.0,77.0,77.0,105.5,96.0,104.0
gWA_sBM_cAll_d25_mWA3_ch08,gWA,sBM,cAll,d25,mWA3,ch08,110,[134.  85.],[115. 111.],109.5,113.0,111.25,85.0,111.0,85.0,109.5,113.0,113.0
gLH_sBM_cAll_d18_mLH2_ch06,gLH,sBM,cAll,d18,mLH2,ch06,100,[101. 100. 125.],[111. 100.  97.],108.67,102.67,105.66666666666667,100.0,97.0,100.0,101.0,100.0,100.5
gJB_sFM_cAll_d08_mJB3_ch11,gJB,sFM,cAll,d08,mJB3,ch11,110,[131. 112.  95. 125. 142. 104. 118. 104.],[ 85.  91. 128. 117. 115.  70. 114. 144.],116.38,108.0,112.1875,104.0,70.0,104.0,115.0,114.5,114.5
gLH_sBM_cAll_d17_mLH0_ch02,gLH,sBM,cAll,d17,mLH0,ch02,80,[89. 80. 77.],[103.  98. 100.],82.0,100.33,91.16666666666667,77.0,98.0,77.0,80.0,100.0,93.5
gHO_sBM_cAll_d19_mHO1_ch10,gHO,sBM,cAll,d19,mHO1,ch10,115,[ 70. 144.],[116. 143.],107.0,129.5,118.25,70.0,116.0,70.0,107.0,129.5,129.5
gKR_sBM_cAll_d28_mKR3_ch10,gKR,sBM,cAll,d28,mKR3,ch10,110,[123. 138.],[82. 88.],130.5,85.0,107.75,123.0,82.0,82.0,130.5,85.0,105.5
gPO_sBM_cAll_d12_mPO4_ch06,gPO,sBM,cAll,d12,mPO4,ch06,120,[86. 70.],[128. 113.],78.0,120.5,99.25,70.0,113.0,70.0,78.0,120.5,99.5
gKR_sBM_cAll_d29_mKR1_ch09,gKR,sBM,cAll,d29,mKR1,ch09,90,[95. 98. 89.],[141. 110. 118.],94.0,123.0,108.5,89.0,110.0,89.0,95.0,118.0,104.0
gMH_sFM_cAll_d22_mMH4_ch05,gMH,sFM,cAll,d22,mMH4,ch05,120,[ 91. 122. 100. 107. 123.  82. 105.  97.],[113. 119. 127. 112. 141. 137. 115. 135.],103.38,124.88,114.125,82.0,112.0,82.0,102.5,123.0,114.0
gWA_sFM_cAll_d26_mWA4_ch12,gWA,sFM,cAll,d26,mWA4,ch12,120,[130.  85. 109. 139. 144. 144. 108. 115.],[122. 121. 118. 103.  70. 110. 101.  70.],121.75,101.88,111.8125,144.0,70.0,70.0,122.5,106.5,112.5
gPO_sBM_cAll_d10_mPO2_ch09,gPO,sBM,cAll,d10,mPO2,ch09,100,[93. 93. 70.],[141.  95. 143.],85.33,126.33,105.83333333333333,93.0,95.0,93.0,93.0,141.0,94.0
gHO_sBM_cAll_d20_mHO5_ch03,gHO,sBM,cAll,d20,mHO5,ch03,135,[103. 102.],[130. 137.],102.5,133.5,118.0,102.0,130.0,102.0,102.5,133.5,116.5
gLO_sBM_cAll_d15_mLO3_ch10,gLO,sBM,cAll,d15,mLO3,ch10,110,[ 94. 108.],[122. 110.],101.0,116.0,108.5,94.0,110.0,94.0,101.0,116.0,109.0
gJB_sBM_cAll_d08_mJB5_ch08,gJB,sBM,cAll,d08,mJB5,ch08,130,[136.  70.],[132. 124.],103.0,128.0,115.5,70.0,124.0,70.0,103.0,128.0,128.0
gLH_sBM_cAll_d16_mLH0_ch05,gLH,sBM,cAll,d16,mLH0,ch05,80,[ 70.  93. 144.],[ 84. 128.  80.],102.33,97.33,99.83333333333333,70.0,80.0,70.0,93.0,84.0,88.5
gJB_sBM_cAll_d07_mJB3_ch03,gJB,sBM,cAll,d07,mJB3,ch03,110,[84. 86.],[86. 88.],85.0,87.0,86.0,84.0,86.0,86.0,85.0,87.0,86.0
gMH_sBM_cAll_d23_mMH4_ch01,gMH,sBM,cAll,d23,mMH4,ch01,120,[122. 119.],[121. 119.],120.5,120.0,120.25,119.0,119.0,119.0,120.5,120.0,120.0
gJB_sFM_cAll_d08_mJB1_ch09,gJB,sFM,cAll,d08,mJB1,ch09,90,[144.  99. 100. 137. 101. 144. 140.  88. 104.  84.],[117.  89. 144. 103.  96.  77. 118.  77. 107.  70.],114.1,99.8,106.95,144.0,77.0,144.0,102.5,99.5,102.0
gBR_sBM_cAll_d05_mBR0_ch03,gBR,sBM,cAll,d05,mBR0,ch03,80,[76. 81. 80.],[80. 80. 80.],79.0,80.0,79.5,76.0,80.0,80.0,80.0,80.0,80.0
gLO_sBM_cAll_d15_mLO3_ch07,gLO,sBM,cAll,d15,mLO3,ch07,110,[127. 137.],[143. 136.],132.0,139.5,135.75,127.0,136.0,127.0,132.0,139.5,136.5
gLO_sBM_cAll_d13_mLO1_ch10,gLO,sBM,cAll,d13,mLO1,ch10,90,[ 72.  93. 109.],[89. 88. 86.],91.33,87.67,89.5,72.0,86.0,72.0,93.0,88.0,88.5
gMH_sBM_cAll_d23_mMH5_ch09,gMH,sBM,cAll,d23,mMH5,ch09,130,[131.  81.],[128. 129.],106.0,128.5,117.25,81.0,128.0,81.0,106.0,128.5,128.5
gPO_sBM_cAll_d11_mPO5_ch07,gPO,sBM,cAll,d11,mPO5,ch07,130,[102.  73.],[132. 129.],87.5,130.5,109.0,73.0,129.0,73.0,87.5,130.5,115.5
gBR_sBM_cAll_d04_mBR0_ch03,gBR,sBM,cAll,d04,mBR0,ch03,80,[77. 80. 81.],[81. 81. 80.],79.33,80.67,80.0,77.0,81.0,81.0,80.0,81.0,80.5
gJB_sBM_cAll_d09_mJB3_ch01,gJB,sBM,cAll,d09,mJB3,ch01,110,[103.  96.],[113.  95.],99.5,104.0,101.75,96.0,95.0,95.0,99.5,104.0,99.5
gMH_sBM_cAll_d22_mMH0_ch08,gMH,sBM,cAll,d22,mMH0,ch08,80,[75. 82. 80.],[124. 144.  70.],79.0,112.67,95.83333333333333,75.0,70.0,70.0,80.0,124.0,81.0
gKR_sFM_cAll_d28_mKR4_ch05,gKR,sFM,cAll,d28,mKR4,ch05,120,[144. 142. 112. 114. 112.  90.  95. 144.],[124. 123. 132. 105. 129. 102. 125.  94.],119.12,116.75,117.9375,112.0,94.0,112.0,113.0,123.5,118.5
gMH_sFM_cAll_d22_mMH3_ch04,gMH,sFM,cAll,d22,mMH3,ch04,110,[ 75. 108. 100.  78. 106.  77. 125. 131.],[114. 109. 103. 117. 113. 108. 123. 141.],100.0,116.0,108.0,75.0,103.0,108.0,103.0,113.5,108.5
gLH_sBM_cAll_d16_mLH3_ch07,gLH,sBM,cAll,d16,mLH3,ch07,110,[80. 81.],[108. 107.],80.5,107.5,94.0,80.0,107.0,80.0,80.5,107.5,94.0
gPO_sBM_cAll_d12_mPO3_ch06,gPO,sBM,cAll,d12,mPO3,ch06,110,[73. 93.],[ 94. 115.],83.0,104.5,93.75,73.0,94.0,73.0,83.0,104.5,93.5
gMH_sBM_cAll_d22_mMH2_ch10,gMH,sBM,cAll,d22,mMH2,ch10,100,[105. 101. 142.],[101. 101. 144.],116.0,115.33,115.66666666666667,101.0,101.0,101.0,105.0,101.0,103.0
gPO_sBM_cAll_d11_mPO5_ch06,gPO,sBM,cAll,d11,mPO5,ch06,130,[144.  76.],[104.  97.],110.0,100.5,105.25,76.0,97.0,76.0,110.0,100.5,100.5
gHO_sBM_cAll_d20_mHO4_ch09,gHO,sBM,cAll,d20,mHO4,ch09,130,[122. 130.],[126. 132.],126.0,129.0,127.5,122.0,126.0,122.0,126.0,129.0,128.0
gBR_sBM_cAll_d06_mBR3_ch04,gBR,sBM,cAll,d06,mBR3,ch04,110,[140. 139.],[123. 111.],139.5,117.0,128.25,139.0,111.0,111.0,139.5,117.0,131.0
gBR_sBM_cAll_d05_mBR5_ch03,gBR,sBM,cAll,d05,mBR5,ch03,130,[130. 132.],[131. 130.],131.0,130.5,130.75,130.0,130.0,130.0,131.0,130.5,130.5
gMH_sBM_cAll_d23_mMH1_ch10,gMH,sBM,cAll,d23,mMH1,ch10,90,[89. 89. 90.],[93. 89. 90.],89.33,90.67,90.0,89.0,89.0,89.0,89.0,90.0,89.5
gWA_sBM_cAll_d26_mWA5_ch07,gWA,sBM,cAll,d26,mWA5,ch07,130,[122. 144.],[130.  79.],133.0,104.5,118.75,122.0,79.0,79.0,133.0,104.5,126.0
gLO_sBM_cAll_d14_mLO1_ch06,gLO,sBM,cAll,d14,mLO1,ch06,90,[115. 104. 111.],[131. 123.  87.],110.0,113.67,111.83333333333333,104.0,87.0,87.0,111.0,123.0,113.0
gBR_sBM_cAll_d04_mBR3_ch01,gBR,sBM,cAll,d04,mBR3,ch01,110,[122.  81.],[114. 109.],101.5,111.5,106.5,81.0,109.0,81.0,101.5,111.5,111.5
gLO_sBM_cAll_d15_mLO5_ch01,gLO,sBM,cAll,d15,mLO5,ch01,130,[100. 101.],[106.  99.],100.5,102.5,101.5,100.0,99.0,99.0,100.5,102.5,100.5
gKR_sBM_cAll_d30_mKR3_ch03,gKR,sBM,cAll,d30,mKR3,ch03,110,[ 70. 119.],[74. 82.],94.5,78.0,86.25,70.0,74.0,70.0,94.5,78.0,78.0
gHO_sBM_cAll_d21_mHO3_ch07,gHO,sBM,cAll,d21,mHO3,ch07,125,[124. 126.],[123. 126.],125.0,124.5,124.75,124.0,123.0,126.0,125.0,124.5,125.0
gJS_sBM_cAll_d02_mJS1_ch08,gJS,sBM,cAll,d02,mJS1,ch08,90,[118.  70. 110.],[87. 91. 93.],99.33,90.33,94.83333333333333,70.0,87.0,70.0,110.0,91.0,92.0
gJB_sBM_cAll_d08_mJB4_ch02,gJB,sBM,cAll,d08,mJB4,ch02,120,[121.  70.],[120. 119.],95.5,119.5,107.5,70.0,119.0,70.0,95.5,119.5,119.5
gPO_sBM_cAll_d12_mPO2_ch10,gPO,sBM,cAll,d12,mPO2,ch10,100,[81. 79. 92.],[ 96. 106. 121.],84.0,107.67,95.83333333333333,79.0,96.0,79.0,81.0,106.0,94.0
gJB_sBM_cAll_d08_mJB4_ch05,gJB,sBM,cAll,d08,mJB4,ch05,120,[111.  92.],[111. 121.],101.5,116.0,108.75,92.0,111.0,111.0,101.5,116.0,111.0
gJB_sBM_cAll_d08_mJB0_ch04,gJB,sBM,cAll,d08,mJB0,ch04,80,[110. 134. 123.],[ 88. 108. 106.],122.33,100.67,111.5,110.0,88.0,88.0,123.0,106.0,109.0
gHO_sBM_cAll_d20_mHO1_ch08,gHO,sBM,cAll,d20,mHO1,ch08,115,[ 94. 115.],[105. 121.],104.5,113.0,108.75,94.0,105.0,94.0,104.5,113.0,110.0
gLO_sBM_cAll_d14_mLO5_ch08,gLO,sBM,cAll,d14,mLO5,ch08,130,[120. 110.],[110. 130.],115.0,120.0,117.5,110.0,110.0,110.0,115.0,120.0,115.0
gJS_sBM_cAll_d01_mJS3_ch10,gJS,sBM,cAll,d01,mJS3,ch10,110,[144.  72.],[93. 70.],108.0,81.5,94.75,72.0,70.0,70.0,108.0,81.5,82.5
gHO_sFM_cAll_d21_mHO5_ch20,gHO,sFM,cAll,d21,mHO5,ch20,135,[119. 140.  90.  99.  80. 127. 131.],[135. 131. 131. 133. 141. 138. 136.],112.29,135.0,123.64285714285714,80.0,131.0,131.0,119.0,135.0,131.0
gJS_sBM_cAll_d01_mJS2_ch09,gJS,sBM,cAll,d01,mJS2,ch09,100,[102. 113. 144.],[70. 82. 73.],119.67,75.0,97.33333333333333,102.0,70.0,70.0,113.0,73.0,92.0
gHO_sBM_cAll_d20_mHO1_ch05,gHO,sBM,cAll,d20,mHO1,ch05,115,[120. 116.],[120. 116.],118.0,118.0,118.0,116.0,116.0,116.0,118.0,118.0,118.0
gLH_sBM_cAll_d18_mLH5_ch01,gLH,sBM,cAll,d18,mLH5,ch01,130,[129. 136.],[ 99. 133.],132.5,116.0,124.25,129.0,99.0,99.0,132.5,116.0,131.0
gJB_sBM_cAll_d07_mJB2_ch04,gJB,sBM,cAll,d07,mJB2,ch04,100,[ 78. 123.  75.],[74. 97. 98.],92.0,89.67,90.83333333333333,75.0,74.0,74.0,78.0,97.0,87.5
gJB_sFM_cAll_d08_mJB4_ch12,gJB,sFM,cAll,d08,mJB4,ch12,120,[131.  80.  70. 142. 111. 144.  76.  91.],[113. 102.  70.  93. 119.  77. 112.  98.],105.62,98.0,101.8125,70.0,70.0,70.0,101.0,100.0,100.0
gWA_sFM_cAll_d25_mWA3_ch04,gWA,sFM,cAll,d25,mWA3,ch04,110,[144. 106. 110. 138. 112. 118. 137.  86.],[126. 103. 136. 102. 131.  98. 103.  92.],118.88,111.38,115.125,86.0,103.0,103.0,115.0,103.0,111.0
gKR_sBM_cAll_d30_mKR3_ch08,gKR,sBM,cAll,d30,mKR3,ch08,110,[120. 107.],[78. 81.],113.5,79.5,96.5,107.0,78.0,78.0,113.5,79.5,94.0
gBR_sBM_cAll_d04_mBR0_ch06,gBR,sBM,cAll,d04,mBR0,ch06,80,[104.  70. 115.],[82. 81. 80.],96.33,81.0,88.66666666666667,70.0,80.0,70.0,104.0,81.0,81.5
gLO_sBM_cAll_d14_mLO4_ch02,gLO,sBM,cAll,d14,mLO4,ch02,120,[108.  77.],[102. 126.],92.5,114.0,103.25,77.0,102.0,77.0,92.5,114.0,105.0
gKR_sFM_cAll_d28_mKR1_ch02,gKR,sFM,cAll,d28,mKR1,ch02,90,[100.  97.  83. 123. 124.  86. 144. 124. 109. 108.],[ 86. 111.  97. 103. 119. 127. 100. 107. 110. 124.],109.8,108.4,109.1,124.0,86.0,124.0,108.5,108.5,108.5
gJB_sBM_cAll_d07_mJB0_ch03,gJB,sBM,cAll,d07,mJB0,ch03,80,[142.  77.  76.],[116. 136. 144.],98.33,132.0,115.16666666666667,76.0,116.0,76.0,77.0,136.0,126.0
gPO_sBM_cAll_d11_mPO1_ch05,gPO,sBM,cAll,d11,mPO1,ch05,90,[78. 87. 76.],[136. 118. 135.],80.33,129.67,105.0,76.0,118.0,76.0,78.0,135.0,102.5
gJS_sBM_cAll_d02_mJS5_ch10,gJS,sBM,cAll,d02,mJS5,ch10,130,[ 78. 107.],[94. 86.],92.5,90.0,91.25,78.0,86.0,78.0,92.5,90.0,90.0
gJB_sBM_cAll_d07_mJB2_ch09,gJB,sBM,cAll,d07,mJB2,ch09,100,[123.  74. 104.],[ 81.  77. 142.],100.33,100.0,100.16666666666667,74.0,77.0,74.0,104.0,81.0,92.5
gMH_sBM_cAll_d24_mMH4_ch02,gMH,sBM,cAll,d24,mMH4,ch02,120,[70. 81.],[121.  93.],75.5,107.0,91.25,70.0,93.0,70.0,75.5,107.0,87.0
gLO_sBM_cAll_d15_mLO4_ch06,gLO,sBM,cAll,d15,mLO4,ch06,120,[118.  90.],[90. 89.],104.0,89.5,96.75,90.0,89.0,90.0,104.0,89.5,90.0
gWA_sBM_cAll_d26_mWA4_ch05,gWA,sBM,cAll,d26,mWA4,ch05,120,[ 71. 109.],[112. 132.],90.0,122.0,106.0,71.0,112.0,71.0,90.0,122.0,110.5
gMH_sBM_cAll_d22_mMH0_ch02,gMH,sBM,cAll,d22,mMH0,ch02,80,[144. 144.  70.],[ 70.  83. 135.],119.33,96.0,107.66666666666667,144.0,70.0,70.0,144.0,83.0,109.0
gJS_sBM_cAll_d03_mJS4_ch01,gJS,sBM,cAll,d03,mJS4,ch01,120,[128. 140.],[71. 70.],134.0,70.5,102.25,128.0,70.0,70.0,134.0,70.5,99.5
gJB_sBM_cAll_d08_mJB1_ch04,gJB,sBM,cAll,d08,mJB1,ch04,90,[106.  94. 119.],[119.  70. 115.],106.33,101.33,103.83333333333333,94.0,70.0,119.0,106.0,115.0,110.5
gJS_sBM_cAll_d03_mJS4_ch03,gJS,sBM,cAll,d03,mJS4,ch03,120,[100. 141.],[118.  90.],120.5,104.0,112.25,100.0,90.0,90.0,120.5,104.0,109.0
gWA_sBM_cAll_d26_mWA5_ch02,gWA,sBM,cAll,d26,mWA5,ch02,130,[122. 130.],[144. 138.],126.0,141.0,133.5,122.0,138.0,122.0,126.0,141.0,134.0
gWA_sBM_cAll_d25_mWA2_ch09,gWA,sBM,cAll,d25,mWA2,ch09,100,[ 95. 111.  73.],[ 81. 140. 106.],93.0,109.0,101.0,73.0,81.0,73.0,95.0,106.0,100.5
gJS_sBM_cAll_d03_mJS3_ch07,gJS,sBM,cAll,d03,mJS3,ch07,110,[ 74. 136.],[120. 105.],105.0,112.5,108.75,74.0,105.0,74.0,105.0,112.5,112.5
gLH_sBM_cAll_d16_mLH2_ch03,gLH,sBM,cAll,d16,mLH2,ch03,100,[ 76. 105.  71.],[119.  77.  78.],84.0,91.33,87.66666666666667,71.0,77.0,71.0,76.0,78.0,77.5
gPO_sBM_cAll_d12_mPO2_ch05,gPO,sBM,cAll,d12,mPO2,ch05,100,[ 99. 121. 136.],[138.  70.  85.],118.67,97.67,108.16666666666667,99.0,70.0,70.0,121.0,85.0,110.0
gPO_sBM_cAll_d12_mPO2_ch08,gPO,sBM,cAll,d12,mPO2,ch08,100,[ 71. 121. 144.],[102. 105. 141.],112.0,116.0,114.0,71.0,102.0,71.0,121.0,105.0,113.0
gHO_sBM_cAll_d19_mHO0_ch09,gHO,sBM,cAll,d19,mHO0,ch09,110,[ 71. 113.],[110. 110.],92.0,110.0,101.0,71.0,110.0,110.0,92.0,110.0,110.0
gKR_sBM_cAll_d29_mKR4_ch10,gKR,sBM,cAll,d29,mKR4,ch10,120,[139.  85.],[117. 121.],112.0,119.0,115.5,85.0,117.0,85.0,112.0,119.0,119.0
gJS_sBM_cAll_d03_mJS3_ch03,gJS,sBM,cAll,d03,mJS3,ch03,110,[ 82. 112.],[107. 136.],97.0,121.5,109.25,82.0,107.0,82.0,97.0,121.5,109.5
gKR_sBM_cAll_d30_mKR2_ch02,gKR,sBM,cAll,d30,mKR2,ch02,100,[144. 109. 135.],[103. 100. 104.],129.33,102.33,115.83333333333333,109.0,100.0,100.0,135.0,103.0,106.5
gJS_sBM_cAll_d03_mJS2_ch10,gJS,sBM,cAll,d03,mJS2,ch10,100,[ 81. 114. 138.],[108. 130.  73.],111.0,103.67,107.33333333333333,81.0,73.0,73.0,114.0,108.0,111.0
gLO_sBM_cAll_d15_mLO5_ch05,gLO,sBM,cAll,d15,mLO5,ch05,130,[130.  97.],[94. 95.],113.5,94.5,104.0,97.0,94.0,94.0,113.5,94.5,96.0
gJS_sBM_cAll_d03_mJS5_ch03,gJS,sBM,cAll,d03,mJS5,ch03,130,[119. 139.],[138. 104.],129.0,121.0,125.0,119.0,104.0,104.0,129.0,121.0,128.5
gJS_sBM_cAll_d02_mJS5_ch08,gJS,sBM,cAll,d02,mJS5,ch08,130,[ 72. 129.],[133. 129.],100.5,131.0,115.75,72.0,129.0,129.0,100.5,131.0,129.0
gWA_sBM_cAll_d26_mWA1_ch02,gWA,sBM,cAll,d26,mWA1,ch02,90,[135. 108. 109.],[133. 116. 125.],117.33,124.67,121.0,108.0,116.0,108.0,109.0,125.0,120.5
gJS_sBM_cAll_d01_mJS2_ch10,gJS,sBM,cAll,d01,mJS2,ch10,100,[ 83. 122.  82.],[124.  70. 138.],95.67,110.67,103.16666666666667,82.0,70.0,70.0,83.0,124.0,102.5
gKR_sBM_cAll_d28_mKR1_ch08,gKR,sBM,cAll,d28,mKR1,ch08,90,[139. 135. 133.],[94. 90. 88.],135.67,90.67,113.16666666666667,133.0,88.0,88.0,135.0,90.0,113.5
gPO_sBM_cAll_d12_mPO3_ch02,gPO,sBM,cAll,d12,mPO3,ch02,110,[76. 86.],[109. 110.],81.0,109.5,95.25,76.0,109.0,76.0,81.0,109.5,97.5
gLH_sBM_cAll_d16_mLH2_ch08,gLH,sBM,cAll,d16,mLH2,ch08,100,[ 94.  99. 107.],[77. 75. 87.],100.0,79.67,89.83333333333333,94.0,75.0,75.0,99.0,77.0,90.5
gKR_sBM_cAll_d29_mKR4_ch04,gKR,sBM,cAll,d29,mKR4,ch04,120,[120. 121.],[125. 120.],120.5,122.5,121.5,120.0,120.0,120.0,120.5,122.5,120.5
gJS_sBM_cAll_d03_mJS2_ch05,gJS,sBM,cAll,d03,mJS2,ch05,100,[105. 127. 122.],[131. 132.  71.],118.0,111.33,114.66666666666667,105.0,71.0,71.0,122.0,131.0,124.5
gBR_sFM_cAll_d06_mBR4_ch20,gBR,sFM,cAll,d06,mBR4,ch20,120,[103. 124. 132. 115. 116.  80.  90.  81.],[128. 123. 122. 139. 108. 124.  97. 125.],105.12,120.75,112.9375,80.0,97.0,124.0,109.0,123.5,119.0
gHO_sBM_cAll_d19_mHO2_ch01,gHO,sBM,cAll,d19,mHO2,ch01,120,[84. 93.],[110. 121.],88.5,115.5,102.0,84.0,110.0,84.0,88.5,115.5,101.5
gLH_sBM_cAll_d18_mLH3_ch02,gLH,sBM,cAll,d18,mLH3,ch02,110,[135. 128.],[101. 108.],131.5,104.5,118.0,128.0,101.0,101.0,131.5,104.5,118.0
gJB_sBM_cAll_d08_mJB5_ch09,gJB,sBM,cAll,d08,mJB5,ch09,130,[71. 91.],[116. 130.],81.0,123.0,102.0,71.0,116.0,71.0,81.0,123.0,103.5
gLO_sFM_cAll_d13_mLO3_ch04,gLO,sFM,cAll,d13,mLO3,ch04,110,[117. 140.  82. 130. 113. 127. 119.  87.],[114. 116. 112. 108.  97. 130. 109. 101.],114.38,110.88,112.625,82.0,97.0,130.0,118.0,110.5,113.5
gMH_sBM_cAll_d23_mMH1_ch04,gMH,sBM,cAll,d23,mMH1,ch04,90,[109.  87. 118.],[144.  91.  78.],104.67,104.33,104.5,87.0,78.0,78.0,109.0,91.0,100.0
gPO_sBM_cAll_d11_mPO0_ch01,gPO,sBM,cAll,d11,mPO0,ch01,80,[85. 82. 77.],[84. 81. 78.],81.33,81.0,81.16666666666667,77.0,78.0,77.0,82.0,81.0,81.5
gBR_sBM_cAll_d06_mBR5_ch02,gBR,sBM,cAll,d06,mBR5,ch02,130,[134. 131.],[ 93. 127.],132.5,110.0,121.25,131.0,93.0,93.0,132.5,110.0,129.0
gKR_sFM_cAll_d30_mKR2_ch17,gKR,sFM,cAll,d30,mKR2,ch17,100,[133. 120. 138. 136.  94. 128. 114.  91. 128.],[ 98.  94.  85. 114. 133. 116.  86.  99. 100.],120.22,102.78,111.5,128.0,85.0,94.0,128.0,99.0,114.0
gKR_sBM_cAll_d29_mKR4_ch09,gKR,sBM,cAll,d29,mKR4,ch09,120,[117. 116.],[122. 121.],116.5,121.5,119.0,116.0,121.0,116.0,116.5,121.5,119.0
gWA_sBM_cAll_d27_mWA4_ch10,gWA,sBM,cAll,d27,mWA4,ch10,120,[108. 103.],[104.  83.],105.5,93.5,99.5,103.0,83.0,83.0,105.5,93.5,103.5
gJS_sBM_cAll_d01_mJS1_ch02,gJS,sBM,cAll,d01,mJS1,ch02,90,[144.  70. 142.],[117.  99. 110.],118.67,108.67,113.66666666666667,70.0,99.0,70.0,142.0,110.0,113.5
gLO_sBM_cAll_d15_mLO4_ch04,gLO,sBM,cAll,d15,mLO4,ch04,120,[76. 75.],[104. 101.],75.5,102.5,89.0,75.0,101.0,75.0,75.5,102.5,88.5
gJB_sFM_cAll_d09_mJB1_ch21,gJB,sFM,cAll,d09,mJB1,ch21,90,[ 92. 127. 144.  83. 117.  92. 108.  90. 125.  93.],[ 90. 105. 113.  91. 141.  86. 140.  70.  93. 120.],107.1,104.9,106.0,92.0,70.0,90.0,100.5,99.0,99.0
gBR_sFM_cAll_d05_mBR5_ch12,gBR,sFM,cAll,d05,mBR5,ch12,130,[102. 144. 117.  90. 142. 131.  70.],[134. 128. 133. 110. 134. 131. 132.],113.71,128.86,121.28571428571429,70.0,134.0,131.0,117.0,132.0,131.0
gJS_sBM_cAll_d01_mJS1_ch06,gJS,sBM,cAll,d01,mJS1,ch06,90,[112. 139. 144.],[114. 138. 134.],131.67,128.67,130.16666666666666,112.0,114.0,112.0,139.0,134.0,136.0
gWA_sFM_cAll_d27_mWA5_ch20,gWA,sFM,cAll,d27,mWA5,ch20,130,[123. 140. 110. 144.  81. 115.  70.],[105.  98. 144.  76.  97. 107. 117.],111.86,106.29,109.07142857142857,70.0,76.0,144.0,115.0,105.0,108.5
gWA_sBM_cAll_d25_mWA2_ch01,gWA,sBM,cAll,d25,mWA2,ch01,100,[ 76. 114. 107.],[ 99. 119. 109.],99.0,109.0,104.0,76.0,99.0,76.0,107.0,109.0,108.0
gJB_sFM_cAll_d07_mJB0_ch01,gJB,sFM,cAll,d07,mJB0,ch01,80,[139.  94.  83. 133. 102. 104. 124. 119. 144.  98.  77.],[ 91.  83.  81. 140. 135.  70. 144. 118.  83.  71.  72.],110.64,98.91,104.77272727272727,77.0,83.0,83.0,104.0,83.0,100.0
gKR_sBM_cAll_d30_mKR2_ch04,gKR,sBM,cAll,d30,mKR2,ch04,100,[129. 125. 110.],[118. 125. 118.],121.33,120.33,120.83333333333333,110.0,118.0,118.0,125.0,118.0,121.5
gMH_sBM_cAll_d23_mMH5_ch04,gMH,sBM,cAll,d23,mMH5,ch04,130,[107.  79.],[101. 119.],93.0,110.0,101.5,79.0,101.0,79.0,93.0,110.0,104.0
gLO_sBM_cAll_d13_mLO2_ch06,gLO,sBM,cAll,d13,mLO2,ch06,100,[114. 127. 113.],[72. 75. 74.],118.0,73.67,95.83333333333333,113.0,72.0,72.0,114.0,74.0,94.0
gLH_sBM_cAll_d17_mLH0_ch09,gLH,sBM,cAll,d17,mLH0,ch09,80,[107. 140. 137.],[ 97.  88. 117.],128.0,100.67,114.33333333333333,107.0,88.0,88.0,137.0,97.0,112.0
gPO_sBM_cAll_d11_mPO1_ch10,gPO,sBM,cAll,d11,mPO1,ch10,90,[136. 108.  87.],[105. 124.  73.],110.33,100.67,105.5,87.0,73.0,73.0,108.0,105.0,106.5
gWA_sBM_cAll_d27_mWA5_ch07,gWA,sBM,cAll,d27,mWA5,ch07,130,[72. 91.],[134.  70.],81.5,102.0,91.75,72.0,70.0,70.0,81.5,102.0,81.5
gJS_sBM_cAll_d03_mJS2_ch07,gJS,sBM,cAll,d03,mJS2,ch07,100,[136.  81. 110.],[144.  92.  70.],109.0,102.0,105.5,81.0,70.0,70.0,110.0,92.0,101.0
gJS_sBM_cAll_d03_mJS4_ch07,gJS,sBM,cAll,d03,mJS4,ch07,120,[116. 109.],[108.  81.],112.5,94.5,103.5,109.0,81.0,81.0,112.5,94.5,108.5
gMH_sBM_cAll_d24_mMH5_ch10,gMH,sBM,cAll,d24,mMH5,ch10,130,[144. 129.],[131. 127.],136.5,129.0,132.75,129.0,127.0,127.0,136.5,129.0,130.0
gMH_sBM_cAll_d23_mMH0_ch02,gMH,sBM,cAll,d23,mMH0,ch02,80,[144.  91.  86.],[107. 122. 126.],107.0,118.33,112.66666666666667,86.0,107.0,86.0,91.0,122.0,114.5
gHO_sBM_cAll_d21_mHO4_ch06,gHO,sBM,cAll,d21,mHO4,ch06,130,[131. 130.],[128. 130.],130.5,129.0,129.75,130.0,128.0,130.0,130.5,129.0,130.0
gHO_sBM_cAll_d21_mHO2_ch01,gHO,sBM,cAll,d21,mHO2,ch01,120,[128. 121.],[122. 121.],124.5,121.5,123.0,121.0,121.0,121.0,124.5,121.5,121.5
gHO_sFM_cAll_d21_mHO0_ch15,gHO,sFM,cAll,d21,mHO0,ch15,110,[ 81. 113. 136.  80. 107.  91. 105. 116.],[117. 114. 115. 107. 119. 116. 110. 112.],103.62,113.75,108.6875,80.0,107.0,107.0,106.0,114.5,112.5
gWA_sBM_cAll_d25_mWA1_ch05,gWA,sBM,cAll,d25,mWA1,ch05,90,[ 82.  70. 110.],[125. 144. 115.],87.33,128.0,107.66666666666667,70.0,115.0,70.0,82.0,125.0,112.5
gMH_sBM_cAll_d22_mMH0_ch05,gMH,sBM,cAll,d22,mMH0,ch05,80,[119.  81.  79.],[102.  81.  79.],93.0,87.33,90.16666666666667,79.0,79.0,79.0,81.0,81.0,81.0
gMH_sBM_cAll_d23_mMH4_ch03,gMH,sBM,cAll,d23,mMH4,ch03,120,[114. 125.],[ 97. 110.],119.5,103.5,111.5,114.0,97.0,97.0,119.5,103.5,112.0
gPO_sBM_cAll_d12_mPO2_ch02,gPO,sBM,cAll,d12,mPO2,ch02,100,[ 82.  81. 118.],[102.  99. 102.],93.67,101.0,97.33333333333333,81.0,102.0,102.0,82.0,102.0,100.5
gWA_sBM_cAll_d26_mWA4_ch01,gWA,sBM,cAll,d26,mWA4,ch01,120,[98. 75.],[131. 139.],86.5,135.0,110.75,75.0,131.0,75.0,86.5,135.0,114.5
gBR_sBM_cAll_d04_mBR0_ch07,gBR,sBM,cAll,d04,mBR0,ch07,80,[ 70. 134. 103.],[ 97. 103. 142.],102.33,114.0,108.16666666666667,70.0,97.0,103.0,103.0,103.0,103.0
gKR_sFM_cAll_d29_mKR0_ch08,gKR,sFM,cAll,d29,mKR0,ch08,80,[ 70. 101. 125. 143. 110. 133. 130. 140. 118. 130. 102.],[ 95. 100. 117.  90.  70. 125. 114. 138. 104.  77.  79.],118.36,100.82,109.5909090909091,130.0,70.0,70.0,125.0,100.0,112.0
gLH_sBM_cAll_d18_mLH3_ch06,gLH,sBM,cAll,d18,mLH3,ch06,110,[104. 136.],[132.  70.],120.0,101.0,110.5,104.0,70.0,70.0,120.0,101.0,118.0
gLO_sBM_cAll_d14_mLO5_ch06,gLO,sBM,cAll,d14,mLO5,ch06,130,[123. 121.],[110. 126.],122.0,118.0,120.0,121.0,110.0,110.0,122.0,118.0,122.0
gLH_sBM_cAll_d18_mLH3_ch10,gLH,sBM,cAll,d18,mLH3,ch10,110,[114. 115.],[106. 117.],114.5,111.5,113.0,114.0,106.0,106.0,114.5,111.5,114.5
gLO_sBM_cAll_d15_mLO4_ch10,gLO,sBM,cAll,d15,mLO4,ch10,120,[103.  90.],[ 70. 120.],96.5,95.0,95.75,90.0,70.0,70.0,96.5,95.0,96.5
gJS_sBM_cAll_d03_mJS5_ch09,gJS,sBM,cAll,d03,mJS5,ch09,130,[144.  98.],[78. 79.],121.0,78.5,99.75,98.0,78.0,78.0,121.0,78.5,88.5
gJS_sFM_cAll_d03_mJS0_ch01,gJS,sFM,cAll,d03,mJS0,ch01,80,[114. 142. 122. 105. 104.  93. 108.  70.  76. 107. 106.],[100. 127. 100. 135. 137. 103.  80. 102.  96.  88. 144.],104.27,110.18,107.22727272727273,70.0,100.0,100.0,106.0,102.0,104.5
gPO_sBM_cAll_d10_mPO1_ch09,gPO,sBM,cAll,d10,mPO1,ch09,90,[91. 77. 85.],[ 92. 120.  82.],84.33,98.0,91.16666666666667,77.0,82.0,77.0,85.0,92.0,88.0
gHO_sBM_cAll_d20_mHO1_ch03,gHO,sBM,cAll,d20,mHO1,ch03,115,[100.  83.],[112. 114.],91.5,113.0,102.25,83.0,112.0,83.0,91.5,113.0,106.0
gJS_sBM_cAll_d02_mJS0_ch05,gJS,sBM,cAll,d02,mJS0,ch05,80,[109. 127.  95.],[131.  74. 144.],110.33,116.33,113.33333333333333,95.0,74.0,74.0,109.0,131.0,118.0
gKR_sBM_cAll_d30_mKR2_ch10,gKR,sBM,cAll,d30,mKR2,ch10,100,[ 70. 124. 123.],[126. 125.  86.],105.67,112.33,109.0,70.0,86.0,70.0,123.0,125.0,123.5
gLO_sBM_cAll_d14_mLO4_ch04,gLO,sBM,cAll,d14,mLO4,ch04,120,[112. 101.],[108. 123.],106.5,115.5,111.0,101.0,108.0,101.0,106.5,115.5,110.0
gJS_sBM_cAll_d01_mJS3_ch07,gJS,sBM,cAll,d01,mJS3,ch07,110,[101.  80.],[81. 83.],90.5,82.0,86.25,80.0,81.0,80.0,90.5,82.0,82.0
gLH_sBM_cAll_d17_mLH1_ch08,gLH,sBM,cAll,d17,mLH1,ch08,90,[144.  92. 132.],[138.  91. 134.],122.67,121.0,121.83333333333333,92.0,91.0,91.0,132.0,134.0,133.0
gJS_sBM_cAll_d01_mJS2_ch04,gJS,sBM,cAll,d01,mJS2,ch04,100,[144. 143.  96.],[ 76. 119.  89.],127.67,94.67,111.16666666666667,96.0,76.0,76.0,143.0,89.0,107.5
gJS_sBM_cAll_d02_mJS5_ch09,gJS,sBM,cAll,d02,mJS5,ch09,130,[144.  70.],[79. 80.],107.0,79.5,93.25,70.0,79.0,70.0,107.0,79.5,79.5
gBR_sBM_cAll_d06_mBR4_ch02,gBR,sBM,cAll,d06,mBR4,ch02,120,[ 82. 122.],[ 91. 143.],102.0,117.0,109.5,82.0,91.0,82.0,102.0,117.0,106.5
gLH_sFM_cAll_d17_mLH2_ch10,gLH,sFM,cAll,d17,mLH2,ch10,100,[ 86.  82. 144. 126. 144. 100.  96. 120. 144.],[ 70. 136. 127. 135.  94. 140. 105.  92.  95.],115.78,110.44,113.11111111111111,144.0,70.0,144.0,120.0,105.0,112.5
gJS_sBM_cAll_d03_mJS2_ch06,gJS,sBM,cAll,d03,mJS2,ch06,100,[ 74. 106.  70.],[111. 136. 103.],83.33,116.67,100.0,70.0,103.0,70.0,74.0,111.0,104.5
gJS_sBM_cAll_d01_mJS0_ch01,gJS,sBM,cAll,d01,mJS0,ch01,80,[130. 135.  93.],[ 82. 129.  92.],119.33,101.0,110.16666666666667,93.0,82.0,82.0,130.0,92.0,111.0
gLO_sBM_cAll_d15_mLO5_ch10,gLO,sBM,cAll,d15,mLO5,ch10,130,[124. 129.],[135. 131.],126.5,133.0,129.75,124.0,131.0,124.0,126.5,133.0,130.0
gJS_sBM_cAll_d02_mJS4_ch09,gJS,sBM,cAll,d02,mJS4,ch09,120,[144. 144.],[70. 73.],144.0,71.5,107.75,144.0,70.0,144.0,144.0,71.5,108.5
gWA_sFM_cAll_d26_mWA3_ch11,gWA,sFM,cAll,d26,mWA3,ch11,110,[ 95. 142. 122.  75. 134. 108.  83.  88.],[114. 131.  79.  83.  97. 123. 114. 112.],105.88,106.62,106.25,75.0,114.0,83.0,101.5,113.0,110.0
gLH_sBM_cAll_d17_mLH1_ch10,gLH,sBM,cAll,d17,mLH1,ch10,90,[ 97. 132. 116.],[ 92. 122. 116.],115.0,110.0,112.5,97.0,92.0,116.0,116.0,116.0,116.0
gPO_sBM_cAll_d11_mPO1_ch06,gPO,sBM,cAll,d11,mPO1,ch06,90,[97. 80. 94.],[93. 92. 90.],90.33,91.67,91.0,80.0,90.0,80.0,94.0,92.0,92.5
gLO_sBM_cAll_d14_mLO1_ch08,gLO,sBM,cAll,d14,mLO1,ch08,90,[81. 82. 91.],[123. 135. 120.],84.67,126.0,105.33333333333333,81.0,120.0,81.0,82.0,123.0,105.5
gHO_sBM_cAll_d21_mHO4_ch01,gHO,sBM,cAll,d21,mHO4,ch01,130,[129. 130.],[ 92. 132.],129.5,112.0,120.75,129.0,92.0,92.0,129.5,112.0,129.5
gHO_sBM_cAll_d19_mHO0_ch07,gHO,sBM,cAll,d19,mHO0,ch07,110,[ 70. 110.],[107. 109.],90.0,108.0,99.0,70.0,107.0,70.0,90.0,108.0,108.0
gJB_sBM_cAll_d09_mJB2_ch06,gJB,sBM,cAll,d09,mJB2,ch06,100,[ 89.  74. 100.],[ 96.  78. 104.],87.67,92.67,90.16666666666667,74.0,78.0,74.0,89.0,96.0,92.5
gMH_sBM_cAll_d24_mMH2_ch09,gMH,sBM,cAll,d24,mMH2,ch09,100,[101. 100.  99.],[126. 102. 101.],100.0,109.67,104.83333333333333,99.0,101.0,101.0,100.0,102.0,101.0
gPO_sBM_cAll_d10_mPO3_ch05,gPO,sBM,cAll,d10,mPO3,ch05,110,[ 84. 113.],[ 92. 141.],98.5,116.5,107.5,84.0,92.0,84.0,98.5,116.5,102.5
gJS_sBM_cAll_d01_mJS1_ch04,gJS,sBM,cAll,d01,mJS1,ch04,90,[ 89. 133.  95.],[ 70. 127.  83.],105.67,93.33,99.5,89.0,70.0,70.0,95.0,83.0,92.0
gWA_sFM_cAll_d25_mWA5_ch07,gWA,sFM,cAll,d25,mWA5,ch07,130,[142. 135.  92. 112. 102.  82. 131.],[ 70. 114.  88. 126.  83.  84.  70.],113.71,90.71,102.21428571428571,82.0,70.0,70.0,112.0,84.0,97.0
gJS_sBM_cAll_d02_mJS1_ch10,gJS,sBM,cAll,d02,mJS1,ch10,90,[105. 137. 106.],[134.  94.  87.],116.0,105.0,110.5,105.0,87.0,87.0,106.0,94.0,105.5
gPO_sBM_cAll_d12_mPO2_ch03,gPO,sBM,cAll,d12,mPO2,ch03,100,[ 86.  97. 109.],[ 95. 102. 138.],97.33,111.67,104.5,86.0,95.0,86.0,97.0,102.0,99.5
gJS_sBM_cAll_d02_mJS5_ch05,gJS,sBM,cAll,d02,mJS5,ch05,130,[117. 131.],[144. 144.],124.0,144.0,134.0,117.0,144.0,144.0,124.0,144.0,137.5
gHO_sBM_cAll_d19_mHO2_ch09,gHO,sBM,cAll,d19,mHO2,ch09,120,[124. 119.],[118. 122.],121.5,120.0,120.75,119.0,118.0,118.0,121.5,120.0,120.5
gJS_sBM_cAll_d02_mJS1_ch06,gJS,sBM,cAll,d02,mJS1,ch06,90,[ 83. 144.  97.],[105. 120. 124.],108.0,116.33,112.16666666666667,83.0,105.0,83.0,97.0,120.0,112.5
gBR_sBM_cAll_d05_mBR0_ch09,gBR,sBM,cAll,d05,mBR0,ch09,80,[118. 121.  80.],[106. 101. 100.],106.33,102.33,104.33333333333333,80.0,100.0,80.0,118.0,101.0,103.5
gMH_sBM_cAll_d23_mMH5_ch06,gMH,sBM,cAll,d23,mMH5,ch06,130,[87. 91.],[126. 127.],89.0,126.5,107.75,87.0,126.0,87.0,89.0,126.5,108.5
gJS_sBM_cAll_d02_mJS4_ch02,gJS,sBM,cAll,d02,mJS4,ch02,120,[101.  74.],[132. 144.],87.5,138.0,112.75,74.0,132.0,74.0,87.5,138.0,116.5
gHO_sBM_cAll_d19_mHO0_ch03,gHO,sBM,cAll,d19,mHO0,ch03,110,[ 82. 104.],[101. 109.],93.0,105.0,99.0,82.0,101.0,82.0,93.0,105.0,102.5
gJB_sBM_cAll_d07_mJB0_ch07,gJB,sBM,cAll,d07,mJB0,ch07,80,[ 86. 135. 123.],[103. 103.  96.],114.67,100.67,107.66666666666667,86.0,103.0,103.0,123.0,103.0,103.0
gBR_sBM_cAll_d06_mBR3_ch02,gBR,sBM,cAll,d06,mBR3,ch02,110,[ 70. 111.],[144.  83.],90.5,113.5,102.0,70.0,83.0,70.0,90.5,113.5,97.0
gBR_sBM_cAll_d05_mBR4_ch02,gBR,sBM,cAll,d05,mBR4,ch02,120,[85. 88.],[90. 70.],86.5,80.0,83.25,85.0,70.0,70.0,86.5,80.0,86.5
gLH_sBM_cAll_d16_mLH1_ch02,gLH,sBM,cAll,d16,mLH1,ch02,90,[114.  90.  98.],[85. 90. 87.],100.67,87.33,94.0,90.0,85.0,90.0,98.0,87.0,90.0
gJB_sBM_cAll_d09_mJB4_ch03,gJB,sBM,cAll,d09,mJB4,ch03,120,[134. 113.],[128. 117.],123.5,122.5,123.0,113.0,117.0,113.0,123.5,122.5,122.5
gJB_sFM_cAll_d09_mJB4_ch19,gJB,sFM,cAll,d09,mJB4,ch19,120,[141.  74.  81.  93. 111. 101. 127.  87.],[101.  93.  93. 111.  79.  91. 134. 135.],101.88,104.62,103.25,74.0,93.0,93.0,97.0,97.0,97.0
gMH_sBM_cAll_d24_mMH5_ch01,gMH,sBM,cAll,d24,mMH5,ch01,130,[127. 129.],[128. 127.],128.0,127.5,127.75,127.0,127.0,127.0,128.0,127.5,127.5
gPO_sFM_cAll_d11_mPO2_ch14,gPO,sFM,cAll,d11,mPO2,ch14,100,[121.  76. 102.  70. 139. 117. 139. 103.  85.],[111. 144.  95. 122. 105.  86. 106. 107. 106.],105.78,109.11,107.44444444444444,139.0,106.0,106.0,103.0,106.0,106.0
gPO_sBM_cAll_d12_mPO3_ch03,gPO,sBM,cAll,d12,mPO3,ch03,110,[119. 113.],[106. 113.],116.0,109.5,112.75,113.0,106.0,113.0,116.0,109.5,113.0
gWA_sBM_cAll_d27_mWA2_ch01,gWA,sBM,cAll,d27,mWA2,ch01,100,[142. 140. 112.],[ 93. 105. 132.],131.33,110.0,120.66666666666667,112.0,93.0,93.0,140.0,105.0,122.0
gPO_sBM_cAll_d12_mPO5_ch07,gPO,sBM,cAll,d12,mPO5,ch07,130,[125. 122.],[108. 144.],123.5,126.0,124.75,122.0,108.0,108.0,123.5,126.0,123.5
gJS_sFM_cAll_d03_mJS5_ch14,gJS,sFM,cAll,d03,mJS5,ch14,130,[111.  70.  71. 100. 100. 119. 125.],[ 70. 144.  88. 101. 109.  85. 118.],99.43,102.14,100.78571428571429,100.0,70.0,70.0,100.0,101.0,100.5
gJS_sBM_cAll_d03_mJS5_ch10,gJS,sBM,cAll,d03,mJS5,ch10,130,[104. 140.],[93. 91.],122.0,92.0,107.0,104.0,91.0,91.0,122.0,92.0,98.5
gMH_sBM_cAll_d23_mMH0_ch06,gMH,sBM,cAll,d23,mMH0,ch06,80,[124. 128. 127.],[83. 80. 80.],126.33,81.0,103.66666666666667,124.0,80.0,80.0,127.0,80.0,103.5
gJS_sBM_cAll_d01_mJS3_ch09,gJS,sBM,cAll,d01,mJS3,ch09,110,[106.  99.],[96. 92.],102.5,94.0,98.25,99.0,92.0,92.0,102.5,94.0,97.5
gKR_sBM_cAll_d28_mKR0_ch01,gKR,sBM,cAll,d28,mKR0,ch01,80,[ 70. 128. 122.],[124. 122. 122.],106.67,122.67,114.66666666666667,70.0,122.0,122.0,122.0,122.0,122.0
gPO_sBM_cAll_d11_mPO0_ch03,gPO,sBM,cAll,d11,mPO0,ch03,80,[85. 85. 81.],[86. 84. 78.],83.67,82.67,83.16666666666667,85.0,78.0,85.0,85.0,84.0,84.5
gLH_sFM_cAll_d18_mLH2_ch17,gLH,sFM,cAll,d18,mLH2,ch17,100,[105.  82.  89. 144.  81. 143.  97. 101. 123.],[ 70.  87.  74.  97. 137. 144.  88. 114.  85.],107.22,99.56,103.38888888888889,81.0,70.0,97.0,101.0,88.0,97.0
gPO_sFM_cAll_d11_mPO1_ch09,gPO,sFM,cAll,d11,mPO1,ch09,90,[ 70.  92. 111.  72. 126. 106.  85. 102.  76. 113.],[113.  89. 121.  91. 107. 100.  90. 111. 117.  95.],95.3,103.4,99.35,70.0,89.0,111.0,97.0,103.5,101.0
gBR_sBM_cAll_d06_mBR4_ch06,gBR,sBM,cAll,d06,mBR4,ch06,120,[ 70. 144.],[101.  90.],107.0,95.5,101.25,70.0,90.0,70.0,107.0,95.5,95.5
gKR_sFM_cAll_d30_mKR3_ch21,gKR,sFM,cAll,d30,mKR3,ch21,110,[ 84. 144. 103.  94.  82. 119. 126. 120.],[122. 139. 115.  79. 100.  80. 100. 128.],109.0,107.88,108.4375,82.0,100.0,100.0,111.0,107.5,109.0
gLO_sBM_cAll_d15_mLO2_ch04,gLO,sBM,cAll,d15,mLO2,ch04,100,[113. 105.  87.],[ 84.  96. 106.],101.67,95.33,98.5,87.0,84.0,84.0,105.0,96.0,100.5
gHO_sBM_cAll_d20_mHO1_ch02,gHO,sBM,cAll,d20,mHO1,ch02,115,[124. 117.],[108. 117.],120.5,112.5,116.5,117.0,108.0,117.0,120.5,112.5,117.0
gWA_sBM_cAll_d25_mWA0_ch07,gWA,sBM,cAll,d25,mWA0,ch07,80,[109. 144. 129.],[144. 117. 114.],127.33,125.0,126.16666666666667,109.0,114.0,144.0,129.0,117.0,123.0
gLO_sBM_cAll_d15_mLO3_ch02,gLO,sBM,cAll,d15,mLO3,ch02,110,[138.  88.],[128. 143.],113.0,135.5,124.25,88.0,128.0,88.0,113.0,135.5,133.0
gHO_sBM_cAll_d19_mHO2_ch07,gHO,sBM,cAll,d19,mHO2,ch07,120,[ 70. 119.],[126. 118.],94.5,122.0,108.25,70.0,118.0,70.0,94.5,122.0,118.5
gLO_sBM_cAll_d14_mLO0_ch07,gLO,sBM,cAll,d14,mLO0,ch07,80,[124. 110.  77.],[135.  83. 144.],103.67,120.67,112.16666666666667,77.0,83.0,77.0,110.0,135.0,117.0
gMH_sBM_cAll_d24_mMH5_ch09,gMH,sBM,cAll,d24,mMH5,ch09,130,[129. 128.],[129. 129.],128.5,129.0,128.75,128.0,129.0,129.0,128.5,129.0,129.0
gPO_sBM_cAll_d11_mPO0_ch02,gPO,sBM,cAll,d11,mPO0,ch02,80,[ 74.  78. 114.],[90. 78. 81.],88.67,83.0,85.83333333333333,74.0,78.0,78.0,78.0,81.0,79.5
gBR_sBM_cAll_d06_mBR5_ch03,gBR,sBM,cAll,d06,mBR5,ch03,130,[133. 130.],[133. 131.],131.5,132.0,131.75,130.0,131.0,133.0,131.5,132.0,132.0
gKR_sBM_cAll_d28_mKR3_ch07,gKR,sBM,cAll,d28,mKR3,ch07,110,[144. 128.],[113. 106.],136.0,109.5,122.75,128.0,106.0,106.0,136.0,109.5,120.5
gLH_sBM_cAll_d18_mLH4_ch04,gLH,sBM,cAll,d18,mLH4,ch04,120,[ 75. 143.],[114. 116.],109.0,115.0,112.0,75.0,114.0,75.0,109.0,115.0,115.0
gJS_sBM_cAll_d02_mJS1_ch01,gJS,sBM,cAll,d02,mJS1,ch01,90,[ 71.  94. 141.],[90. 71. 70.],102.0,77.0,89.5,71.0,70.0,71.0,94.0,71.0,80.5
gHO_sBM_cAll_d21_mHO4_ch08,gHO,sBM,cAll,d21,mHO4,ch08,130,[91. 98.],[126. 130.],94.5,128.0,111.25,91.0,126.0,91.0,94.5,128.0,112.0
gWA_sBM_cAll_d26_mWA4_ch06,gWA,sBM,cAll,d26,mWA4,ch06,120,[121. 128.],[ 95. 126.],124.5,110.5,117.5,121.0,95.0,95.0,124.5,110.5,123.5
gHO_sBM_cAll_d21_mHO2_ch10,gHO,sBM,cAll,d21,mHO2,ch10,120,[128.  93.],[116. 119.],110.5,117.5,114.0,93.0,116.0,93.0,110.5,117.5,117.5
gKR_sBM_cAll_d30_mKR3_ch02,gKR,sBM,cAll,d30,mKR3,ch02,110,[ 70. 110.],[111.  83.],90.0,97.0,93.5,70.0,83.0,70.0,90.0,97.0,96.5
gBR_sBM_cAll_d06_mBR5_ch09,gBR,sBM,cAll,d06,mBR5,ch09,130,[70. 70.],[108. 136.],70.0,122.0,96.0,70.0,108.0,70.0,70.0,122.0,89.0
gWA_sBM_cAll_d27_mWA5_ch05,gWA,sBM,cAll,d27,mWA5,ch05,130,[142.  85.],[ 89. 135.],113.5,112.0,112.75,85.0,89.0,85.0,113.5,112.0,112.0
gPO_sBM_cAll_d12_mPO5_ch09,gPO,sBM,cAll,d12,mPO5,ch09,130,[129. 118.],[122. 113.],123.5,117.5,120.5,118.0,113.0,113.0,123.5,117.5,120.0
gHO_sFM_cAll_d19_mHO5_ch06,gHO,sFM,cAll,d19,mHO5,ch06,135,[138.  99. 134.  82. 110.  86. 107.],[138. 134. 100. 144. 108.  82. 113.],108.0,117.0,112.5,82.0,82.0,82.0,107.0,113.0,109.0
gJB_sBM_cAll_d09_mJB4_ch06,gJB,sBM,cAll,d09,mJB4,ch06,120,[108. 111.],[ 71. 111.],109.5,91.0,100.25,108.0,71.0,111.0,109.5,91.0,109.5
gLO_sBM_cAll_d13_mLO0_ch01,gLO,sBM,cAll,d13,mLO0,ch01,80,[106. 130. 113.],[123. 101.  96.],116.33,106.67,111.5,106.0,96.0,96.0,113.0,101.0,109.5
gMH_sBM_cAll_d24_mMH4_ch07,gMH,sBM,cAll,d24,mMH4,ch07,120,[135.  78.],[123. 121.],106.5,122.0,114.25,78.0,121.0,78.0,106.5,122.0,122.0
gBR_sBM_cAll_d04_mBR2_ch04,gBR,sBM,cAll,d04,mBR2,ch04,100,[101. 100.  97.],[102. 102.  96.],99.33,100.0,99.66666666666667,97.0,102.0,102.0,100.0,102.0,100.5
gJS_sBM_cAll_d02_mJS5_ch04,gJS,sBM,cAll,d02,mJS5,ch04,130,[97. 85.],[86. 83.],91.0,84.5,87.75,85.0,83.0,83.0,91.0,84.5,85.5
gBR_sBM_cAll_d06_mBR3_ch05,gBR,sBM,cAll,d06,mBR3,ch05,110,[ 84. 112.],[105. 110.],98.0,107.5,102.75,84.0,105.0,84.0,98.0,107.5,107.5
gLO_sBM_cAll_d13_mLO1_ch03,gLO,sBM,cAll,d13,mLO1,ch03,90,[ 90. 117. 125.],[111.  81. 111.],110.67,101.0,105.83333333333333,90.0,111.0,111.0,117.0,111.0,111.0
gJS_sBM_cAll_d01_mJS0_ch06,gJS,sBM,cAll,d01,mJS0,ch06,80,[107. 114. 141.],[115.  88.  81.],120.67,94.67,107.66666666666667,107.0,81.0,81.0,114.0,88.0,110.5
gKR_sBM_cAll_d30_mKR5_ch10,gKR,sBM,cAll,d30,mKR5,ch10,130,[82. 99.],[121.  70.],90.5,95.5,93.0,82.0,70.0,70.0,90.5,95.5,90.5
gMH_sBM_cAll_d24_mMH4_ch10,gMH,sBM,cAll,d24,mMH4,ch10,120,[134. 122.],[121. 120.],128.0,120.5,124.25,122.0,120.0,120.0,128.0,120.5,121.5
gWA_sBM_cAll_d25_mWA3_ch04,gWA,sBM,cAll,d25,mWA3,ch04,110,[131. 138.],[118. 108.],134.5,113.0,123.75,131.0,108.0,108.0,134.5,113.0,124.5
gJS_sBM_cAll_d01_mJS2_ch02,gJS,sBM,cAll,d01,mJS2,ch02,100,[ 70. 116. 121.],[100.  73. 131.],102.33,101.33,101.83333333333333,70.0,73.0,70.0,116.0,100.0,108.0
gHO_sBM_cAll_d20_mHO1_ch01,gHO,sBM,cAll,d20,mHO1,ch01,115,[144. 113.],[113. 116.],128.5,114.5,121.5,113.0,113.0,113.0,128.5,114.5,114.5
gLH_sBM_cAll_d18_mLH3_ch08,gLH,sBM,cAll,d18,mLH3,ch08,110,[141. 144.],[125. 112.],142.5,118.5,130.5,141.0,112.0,112.0,142.5,118.5,133.0
gWA_sBM_cAll_d26_mWA0_ch05,gWA,sBM,cAll,d26,mWA0,ch05,80,[ 84. 119. 101.],[ 77. 104. 104.],101.33,95.0,98.16666666666667,84.0,104.0,104.0,101.0,104.0,102.5
gPO_sBM_cAll_d12_mPO3_ch10,gPO,sBM,cAll,d12,mPO3,ch10,110,[95. 91.],[108.  99.],93.0,103.5,98.25,91.0,99.0,91.0,93.0,103.5,97.0
gMH_sBM_cAll_d23_mMH0_ch10,gMH,sBM,cAll,d23,mMH0,ch10,80,[86. 79. 81.],[82. 80. 81.],82.0,81.0,81.5,79.0,80.0,81.0,81.0,81.0,81.0
gMH_sBM_cAll_d23_mMH1_ch09,gMH,sBM,cAll,d23,mMH1,ch09,90,[122.  90. 139.],[96. 89. 88.],117.0,91.0,104.0,90.0,88.0,88.0,122.0,89.0,93.0
gWA_sBM_cAll_d27_mWA4_ch06,gWA,sBM,cAll,d27,mWA4,ch06,120,[122. 107.],[ 75. 117.],114.5,96.0,105.25,107.0,75.0,75.0,114.5,96.0,112.0
gWA_sFM_cAll_d25_mWA2_ch03,gWA,sFM,cAll,d25,mWA2,ch03,100,[141. 129. 103.  92. 144.  79. 100. 144. 120.],[139.  71.  71.  76. 132. 114.  85.  90.  77.],116.89,95.0,105.94444444444444,144.0,71.0,71.0,120.0,85.0,101.5
gWA_sBM_cAll_d26_mWA0_ch10,gWA,sBM,cAll,d26,mWA0,ch10,80,[110. 122. 110.],[102. 110. 120.],114.0,110.67,112.33333333333333,110.0,102.0,110.0,110.0,110.0,110.0
gWA_sFM_cAll_d27_mWA3_ch18,gWA,sFM,cAll,d27,mWA3,ch18,110,[144. 138.  96. 120. 144. 125.  92. 123.],[111. 109.  89. 100. 118. 109.  83. 106.],122.75,103.12,112.9375,144.0,109.0,109.0,124.0,107.5,110.0
gPO_sBM_cAll_d12_mPO3_ch01,gPO,sBM,cAll,d12,mPO3,ch01,110,[142. 116.],[107. 110.],129.0,108.5,118.75,116.0,107.0,107.0,129.0,108.5,113.0
gMH_sFM_cAll_d24_mMH2_ch17,gMH,sFM,cAll,d24,mMH2,ch17,100,[ 80.  81.  98.  70. 104. 102.  90. 139.  99.],[117. 116. 112. 104. 103. 101. 118.  84.  79.],95.89,103.78,99.83333333333333,70.0,79.0,104.0,98.0,104.0,101.5
gWA_sBM_cAll_d27_mWA3_ch09,gWA,sBM,cAll,d27,mWA3,ch09,110,[ 75. 128.],[144. 109.],101.5,126.5,114.0,75.0,109.0,75.0,101.5,126.5,118.5
gJB_sFM_cAll_d08_mJB5_ch13,gJB,sFM,cAll,d08,mJB5,ch13,130,[ 72.  97.  70.  82. 101. 113. 122.],[105.  91. 126. 120. 104. 144.  70.],93.86,108.57,101.21428571428571,70.0,70.0,70.0,97.0,105.0,102.5
gLO_sBM_cAll_d15_mLO2_ch09,gLO,sBM,cAll,d15,mLO2,ch09,100,[ 71.  76. 116.],[ 97.  95. 113.],87.67,101.67,94.66666666666667,71.0,95.0,71.0,76.0,97.0,96.0
gPO_sBM_cAll_d12_mPO3_ch05,gPO,sBM,cAll,d12,mPO3,ch05,110,[ 93. 143.],[139. 112.],118.0,125.5,121.75,93.0,112.0,93.0,118.0,125.5,125.5
gJB_sBM_cAll_d09_mJB2_ch07,gJB,sBM,cAll,d09,mJB2,ch07,100,[103. 132. 114.],[113. 138.  80.],116.33,110.33,113.33333333333333,103.0,80.0,80.0,114.0,113.0,113.5
gLO_sFM_cAll_d13_mLO5_ch06,gLO,sFM,cAll,d13,mLO5,ch06,130,[105. 133. 125. 116. 111. 116.  98.],[123. 136. 124. 113. 126.  96. 102.],114.86,117.14,116.0,116.0,96.0,116.0,116.0,123.0,116.0
gWA_sBM_cAll_d25_mWA0_ch02,gWA,sBM,cAll,d25,mWA0,ch02,80,[ 89. 119. 117.],[122. 109.  94.],108.33,108.33,108.33333333333333,89.0,94.0,89.0,117.0,109.0,113.0
gBR_sBM_cAll_d05_mBR0_ch04,gBR,sBM,cAll,d05,mBR0,ch04,80,[ 98.  96. 118.],[82. 81. 79.],104.0,80.67,92.33333333333333,96.0,79.0,79.0,98.0,81.0,89.0
gMH_sBM_cAll_d22_mMH3_ch02,gMH,sBM,cAll,d22,mMH3,ch02,110,[142.  71.],[133.  76.],106.5,104.5,105.5,71.0,76.0,71.0,106.5,104.5,104.5
gJB_sBM_cAll_d07_mJB0_ch02,gJB,sBM,cAll,d07,mJB0,ch02,80,[144.  97. 111.],[ 97. 140. 108.],117.33,115.0,116.16666666666667,97.0,97.0,97.0,111.0,108.0,109.5
gWA_sBM_cAll_d27_mWA5_ch03,gWA,sBM,cAll,d27,mWA5,ch03,130,[107. 109.],[134.  70.],108.0,102.0,105.0,107.0,70.0,70.0,108.0,102.0,108.0
gKR_sBM_cAll_d30_mKR2_ch06,gKR,sBM,cAll,d30,mKR2,ch06,100,[121. 102.  70.],[105. 101.  98.],97.67,101.33,99.5,70.0,98.0,70.0,102.0,101.0,101.5
gJS_sBM_cAll_d02_mJS1_ch04,gJS,sBM,cAll,d02,mJS1,ch04,90,[94. 80. 88.],[80. 74. 86.],87.33,80.0,83.66666666666667,80.0,74.0,80.0,88.0,80.0,83.0
gBR_sFM_cAll_d05_mBR1_ch08,gBR,sFM,cAll,d05,mBR1,ch08,90,[ 72. 137.  88.  82.  87.  94.  86.  92.  97. 141.],[ 94.  89.  70.  95. 115.  92.  89.  70.  90.  93.],97.6,89.7,93.65,72.0,70.0,70.0,90.0,91.0,91.0
gJS_sBM_cAll_d03_mJS4_ch05,gJS,sBM,cAll,d03,mJS4,ch05,120,[114.  85.],[88. 89.],99.5,88.5,94.0,85.0,88.0,85.0,99.5,88.5,88.5
gWA_sFM_cAll_d26_mWA0_ch08,gWA,sFM,cAll,d26,mWA0,ch08,80,[142.  82. 104.  85. 103.  86.  79. 131. 119. 125. 133.],[ 82. 122. 120.  91.  93. 109.  87.  87. 104.  76. 103.],108.09,97.64,102.86363636363636,79.0,87.0,82.0,104.0,93.0,103.0
gKR_sBM_cAll_d30_mKR5_ch05,gKR,sBM,cAll,d30,mKR5,ch05,130,[112. 144.],[139. 127.],128.0,133.0,130.5,112.0,127.0,112.0,128.0,133.0,133.0
gPO_sFM_cAll_d10_mPO0_ch01,gPO,sFM,cAll,d10,mPO0,ch01,80,[111. 117. 113.  74.  92.  92. 144.  88. 134. 130.  94.],[113. 144. 104.  88.  87. 124. 116.  96.  96. 128. 110.],108.09,109.64,108.86363636363636,92.0,96.0,88.0,111.0,110.0,110.5
gMH_sFM_cAll_d22_mMH0_ch01,gMH,sFM,cAll,d22,mMH0,ch01,80,[ 92. 108.  79.  79.  98.  88. 140. 106.  70.  86.  82.],[ 85.  79.  82. 133. 103.  81.  81. 106.  76.  82.  90.],93.45,90.73,92.0909090909091,79.0,81.0,79.0,88.0,82.0,85.5
gMH_sBM_cAll_d23_mMH4_ch09,gMH,sBM,cAll,d23,mMH4,ch09,120,[120. 139.],[120. 120.],129.5,120.0,124.75,120.0,120.0,120.0,129.5,120.0,120.0
gKR_sBM_cAll_d28_mKR2_ch07,gKR,sBM,cAll,d28,mKR2,ch07,100,[127. 101.  99.],[ 87. 125. 122.],109.0,111.33,110.16666666666667,99.0,87.0,87.0,101.0,122.0,111.5
gMH_sFM_cAll_d24_mMH4_ch19,gMH,sFM,cAll,d24,mMH4,ch19,120,[ 91. 114. 121. 132.  76. 117.  97. 118.],[123. 142. 144.  85. 121. 120. 120. 133.],108.25,123.5,115.875,76.0,120.0,120.0,115.5,122.0,120.0
gLO_sFM_cAll_d13_mLO4_ch07,gLO,sFM,cAll,d13,mLO4,ch07,120,[ 83. 109. 121. 144. 108.  99. 119. 128.],[124. 109.  97.  95. 127. 135.  83.  75.],113.88,105.62,109.75,83.0,75.0,83.0,114.0,103.0,109.0
gWA_sBM_cAll_d25_mWA3_ch03,gWA,sBM,cAll,d25,mWA3,ch03,110,[144. 117.],[120. 103.],130.5,111.5,121.0,117.0,103.0,103.0,130.5,111.5,118.5
gMH_sBM_cAll_d23_mMH0_ch01,gMH,sBM,cAll,d23,mMH0,ch01,80,[90. 79. 81.],[87. 79. 80.],83.33,82.0,82.66666666666667,79.0,79.0,79.0,81.0,80.0,80.5
gJS_sBM_cAll_d03_mJS2_ch08,gJS,sBM,cAll,d03,mJS2,ch08,100,[135. 123. 114.],[101. 101. 112.],124.0,104.67,114.33333333333333,114.0,101.0,101.0,123.0,101.0,113.0
gLH_sBM_cAll_d17_mLH4_ch09,gLH,sBM,cAll,d17,mLH4,ch09,120,[74. 76.],[125. 115.],75.0,120.0,97.5,74.0,115.0,74.0,75.0,120.0,95.5
gPO_sBM_cAll_d10_mPO2_ch07,gPO,sBM,cAll,d10,mPO2,ch07,100,[102. 142. 102.],[102.  70.  85.],115.33,85.67,100.5,102.0,70.0,102.0,102.0,85.0,102.0
gBR_sBM_cAll_d05_mBR4_ch03,gBR,sBM,cAll,d05,mBR4,ch03,120,[120. 120.],[121. 121.],120.0,121.0,120.5,120.0,121.0,120.0,120.0,121.0,120.5
gPO_sBM_cAll_d10_mPO1_ch10,gPO,sBM,cAll,d10,mPO1,ch10,90,[76. 78. 81.],[116. 144. 111.],78.33,123.67,101.0,76.0,111.0,76.0,78.0,116.0,96.0
gWA_sBM_cAll_d26_mWA5_ch08,gWA,sBM,cAll,d26,mWA5,ch08,130,[127. 138.],[131. 128.],132.5,129.5,131.0,127.0,128.0,127.0,132.5,129.5,129.5
gLH_sBM_cAll_d16_mLH0_ch04,gLH,sBM,cAll,d16,mLH0,ch04,80,[ 70. 143.  84.],[144.  83.  80.],99.0,102.33,100.66666666666667,70.0,80.0,70.0,84.0,83.0,83.5
gJB_sBM_cAll_d09_mJB3_ch08,gJB,sBM,cAll,d09,mJB3,ch08,110,[118. 144.],[108. 110.],131.0,109.0,120.0,118.0,108.0,108.0,131.0,109.0,114.0
gLH_sBM_cAll_d17_mLH4_ch10,gLH,sBM,cAll,d17,mLH4,ch10,120,[126. 143.],[ 89. 144.],134.5,116.5,125.5,126.0,89.0,89.0,134.5,116.5,134.5
gJB_sBM_cAll_d07_mJB3_ch09,gJB,sBM,cAll,d07,mJB3,ch09,110,[142.  90.],[78. 85.],116.0,81.5,98.75,90.0,78.0,78.0,116.0,81.5,87.5
gPO_sBM_cAll_d11_mPO5_ch03,gPO,sBM,cAll,d11,mPO5,ch03,130,[129. 131.],[123. 131.],130.0,127.0,128.5,129.0,123.0,131.0,130.0,127.0,130.0
gHO_sBM_cAll_d20_mHO4_ch08,gHO,sBM,cAll,d20,mHO4,ch08,130,[133. 129.],[ 83. 129.],131.0,106.0,118.5,129.0,83.0,129.0,131.0,106.0,129.0
gWA_sBM_cAll_d27_mWA3_ch03,gWA,sBM,cAll,d27,mWA3,ch03,110,[ 96. 120.],[111. 136.],108.0,123.5,115.75,96.0,111.0,96.0,108.0,123.5,115.5
gHO_sBM_cAll_d19_mHO2_ch06,gHO,sBM,cAll,d19,mHO2,ch06,120,[125. 120.],[115. 122.],122.5,118.5,120.5,120.0,115.0,115.0,122.5,118.5,121.0
gPO_sBM_cAll_d10_mPO0_ch09,gPO,sBM,cAll,d10,mPO0,ch09,80,[ 84. 105.  79.],[ 83. 119. 122.],89.33,108.0,98.66666666666667,79.0,83.0,79.0,84.0,119.0,94.5
gMH_sBM_cAll_d24_mMH5_ch06,gMH,sBM,cAll,d24,mMH5,ch06,130,[94. 93.],[136. 130.],93.5,133.0,113.25,93.0,130.0,93.0,93.5,133.0,112.0
gJS_sBM_cAll_d01_mJS2_ch05,gJS,sBM,cAll,d01,mJS2,ch05,100,[107.  81.  93.],[ 92.  83. 144.],93.67,106.33,100.0,81.0,83.0,81.0,93.0,92.0,92.5
gLH_sFM_cAll_d18_mLH4_ch19,gLH,sFM,cAll,d18,mLH4,ch19,120,[131. 116.  88. 108. 119.  97. 102. 121.],[ 94. 121. 134.  88. 122.  85. 121.  93.],110.25,107.25,108.75,88.0,121.0,121.0,112.0,107.5,112.0
gMH_sBM_cAll_d24_mMH3_ch06,gMH,sBM,cAll,d24,mMH3,ch06,110,[84. 81.],[110. 107.],82.5,108.5,95.5,81.0,107.0,81.0,82.5,108.5,95.5
gKR_sBM_cAll_d29_mKR1_ch01,gKR,sBM,cAll,d29,mKR1,ch01,90,[105.  93. 127.],[70. 89. 87.],108.33,82.0,95.16666666666667,93.0,70.0,70.0,105.0,87.0,91.0
gKR_sBM_cAll_d28_mKR1_ch02,gKR,sBM,cAll,d28,mKR1,ch02,90,[136. 138. 140.],[93. 93. 86.],138.0,90.67,114.33333333333333,136.0,93.0,93.0,138.0,93.0,114.5
gJB_sBM_cAll_d08_mJB5_ch07,gJB,sBM,cAll,d08,mJB5,ch07,130,[126. 134.],[79. 93.],130.0,86.0,108.0,126.0,79.0,79.0,130.0,86.0,109.5
gKR_sBM_cAll_d30_mKR5_ch09,gKR,sBM,cAll,d30,mKR5,ch09,130,[105. 133.],[136. 126.],119.0,131.0,125.0,105.0,126.0,105.0,119.0,131.0,129.5
gMH_sBM_cAll_d22_mMH2_ch09,gMH,sBM,cAll,d22,mMH2,ch09,100,[137.  96. 109.],[94. 99. 98.],114.0,97.0,105.5,96.0,94.0,94.0,109.0,98.0,98.5
gLO_sBM_cAll_d14_mLO0_ch09,gLO,sBM,cAll,d14,mLO0,ch09,80,[144. 102.  83.],[ 83.  99. 131.],109.67,104.33,107.0,83.0,83.0,83.0,102.0,99.0,100.5
gKR_sFM_cAll_d29_mKR5_ch14,gKR,sFM,cAll,d29,mKR5,ch14,130,[123. 143.  70. 122. 126. 131.  97.],[144. 100. 117.  96.  70. 143. 137.],116.0,115.29,115.64285714285714,70.0,70.0,70.0,123.0,117.0,122.5
gMH_sBM_cAll_d23_mMH4_ch04,gMH,sBM,cAll,d23,mMH4,ch04,120,[125.  82.],[ 99. 123.],103.5,111.0,107.25,82.0,99.0,82.0,103.5,111.0,111.0
gHO_sFM_cAll_d19_mHO2_ch03,gHO,sFM,cAll,d19,mHO2,ch03,120,[122. 120. 118. 120.  97. 130.  88. 104.],[116. 116. 123. 118. 116. 125. 125. 116.],112.38,119.38,115.875,120.0,116.0,116.0,119.0,117.0,118.0
gWA_sFM_cAll_d27_mWA2_ch21,gWA,sFM,cAll,d27,mWA2,ch21,100,[116. 128. 122. 106. 127.  96.  70. 131. 109.],[126. 117. 101. 140.  75. 115. 144.  91.  90.],111.67,111.0,111.33333333333333,70.0,75.0,70.0,116.0,115.0,115.5
gHO_sBM_cAll_d21_mHO4_ch10,gHO,sBM,cAll,d21,mHO4,ch10,130,[124. 128.],[130. 128.],126.0,129.0,127.5,124.0,128.0,128.0,126.0,129.0,128.0
gLO_sBM_cAll_d13_mLO2_ch05,gLO,sBM,cAll,d13,mLO2,ch05,100,[105. 100. 105.],[106. 100.  99.],103.33,101.67,102.5,105.0,99.0,100.0,105.0,100.0,102.5
gJS_sBM_cAll_d01_mJS3_ch08,gJS,sBM,cAll,d01,mJS3,ch08,110,[144. 117.],[111. 110.],130.5,110.5,120.5,117.0,110.0,110.0,130.5,110.5,114.0
gBR_sBM_cAll_d04_mBR2_ch03,gBR,sBM,cAll,d04,mBR2,ch03,100,[100. 100.  99.],[ 99. 102.  92.],99.67,97.67,98.66666666666667,100.0,92.0,99.0,100.0,99.0,99.5
gJS_sBM_cAll_d03_mJS3_ch01,gJS,sBM,cAll,d03,mJS3,ch01,110,[144.  70.],[120. 122.],107.0,121.0,114.0,70.0,120.0,70.0,107.0,121.0,121.0
gWA_sBM_cAll_d25_mWA3_ch01,gWA,sBM,cAll,d25,mWA3,ch01,110,[ 81. 108.],[110. 114.],94.5,112.0,103.25,81.0,110.0,81.0,94.5,112.0,109.0
gKR_sBM_cAll_d29_mKR0_ch09,gKR,sBM,cAll,d29,mKR0,ch09,80,[ 99. 121. 103.],[ 83.  83. 111.],107.67,92.33,100.0,99.0,83.0,83.0,103.0,83.0,101.0
gLO_sBM_cAll_d14_mLO4_ch07,gLO,sBM,cAll,d14,mLO4,ch07,120,[98. 85.],[107. 116.],91.5,111.5,101.5,85.0,107.0,85.0,91.5,111.5,102.5
gJS_sBM_cAll_d02_mJS0_ch03,gJS,sBM,cAll,d02,mJS0,ch03,80,[ 93.  80. 114.],[108.  95.  86.],95.67,96.33,96.0,80.0,86.0,80.0,93.0,95.0,94.0
gBR_sBM_cAll_d05_mBR5_ch06,gBR,sBM,cAll,d05,mBR5,ch06,130,[70. 98.],[129. 132.],84.0,130.5,107.25,70.0,129.0,70.0,84.0,130.5,113.5
gLH_sBM_cAll_d17_mLH1_ch07,gLH,sBM,cAll,d17,mLH1,ch07,90,[100. 111. 110.],[84. 97. 90.],107.0,90.33,98.66666666666667,100.0,84.0,84.0,110.0,90.0,98.5
gLO_sBM_cAll_d14_mLO1_ch10,gLO,sBM,cAll,d14,mLO1,ch10,90,[129.  90. 108.],[131. 126. 127.],109.0,128.0,118.5,90.0,126.0,90.0,108.0,127.0,126.5
gLO_sBM_cAll_d14_mLO1_ch05,gLO,sBM,cAll,d14,mLO1,ch05,90,[121. 100. 121.],[117.  95. 102.],114.0,104.67,109.33333333333333,121.0,95.0,121.0,121.0,102.0,109.5
gWA_sBM_cAll_d27_mWA5_ch09,gWA,sBM,cAll,d27,mWA5,ch09,130,[110.  80.],[96. 94.],95.0,95.0,95.0,80.0,94.0,80.0,95.0,95.0,95.0
gJS_sBM_cAll_d01_mJS1_ch08,gJS,sBM,cAll,d01,mJS1,ch08,90,[128. 135.  72.],[88. 88. 91.],111.67,89.0,100.33333333333333,72.0,88.0,88.0,128.0,88.0,89.5
gLO_sFM_cAll_d15_mLO4_ch19,gLO,sFM,cAll,d15,mLO4,ch19,120,[ 92. 106. 142. 136. 120.  98. 117. 116.],[101.  95.  98. 144. 129. 122. 130. 130.],115.88,118.62,117.25,92.0,130.0,98.0,116.5,125.5,118.5
gWA_sBM_cAll_d27_mWA2_ch10,gWA,sBM,cAll,d27,mWA2,ch10,100,[ 84. 109.  95.],[103. 110. 127.],96.0,113.33,104.66666666666667,84.0,103.0,84.0,95.0,110.0,106.0
gHO_sBM_cAll_d19_mHO0_ch06,gHO,sBM,cAll,d19,mHO0,ch06,110,[144. 112.],[111. 111.],128.0,111.0,119.5,112.0,111.0,111.0,128.0,111.0,111.5
gPO_sFM_cAll_d12_mPO3_ch18,gPO,sFM,cAll,d12,mPO3,ch18,110,[100. 129.  88. 117. 102. 115.  91.  97.],[115.  72.  91. 137. 119. 106. 144. 121.],104.88,113.12,109.0,88.0,72.0,91.0,101.0,117.0,110.5
gJB_sBM_cAll_d07_mJB3_ch05,gJB,sBM,cAll,d07,mJB3,ch05,110,[105. 111.],[104. 112.],108.0,108.0,108.0,105.0,104.0,104.0,108.0,108.0,108.0
gJS_sBM_cAll_d02_mJS0_ch07,gJS,sBM,cAll,d02,mJS0,ch07,80,[112.  78.  82.],[116. 123. 115.],90.67,118.0,104.33333333333333,78.0,115.0,78.0,82.0,116.0,113.5
gJB_sBM_cAll_d07_mJB1_ch09,gJB,sBM,cAll,d07,mJB1,ch09,90,[144. 124. 116.],[144.  97.  70.],128.0,103.67,115.83333333333333,116.0,70.0,144.0,124.0,97.0,120.0
gJS_sBM_cAll_d03_mJS5_ch08,gJS,sBM,cAll,d03,mJS5,ch08,130,[ 70. 128.],[128. 130.],99.0,129.0,114.0,70.0,128.0,128.0,99.0,129.0,128.0
gKR_sBM_cAll_d29_mKR0_ch10,gKR,sBM,cAll,d29,mKR0,ch10,80,[110. 111.  78.],[ 81. 137.  78.],99.67,98.67,99.16666666666667,78.0,78.0,78.0,110.0,81.0,95.5
gPO_sBM_cAll_d10_mPO0_ch04,gPO,sBM,cAll,d10,mPO0,ch04,80,[ 81. 111. 144.],[118.  79. 132.],112.0,109.67,110.83333333333333,81.0,79.0,79.0,111.0,118.0,114.5
gMH_sBM_cAll_d22_mMH1_ch02,gMH,sBM,cAll,d22,mMH1,ch02,90,[144. 118. 133.],[ 70.  70. 137.],131.67,92.33,112.0,118.0,70.0,70.0,133.0,70.0,125.5
gKR_sBM_cAll_d29_mKR0_ch03,gKR,sBM,cAll,d29,mKR0,ch03,80,[116. 120.  80.],[116. 123. 118.],105.33,119.0,112.16666666666667,80.0,116.0,116.0,116.0,118.0,117.0
gWA_sBM_cAll_d25_mWA1_ch06,gWA,sBM,cAll,d25,mWA1,ch06,90,[ 88. 101.  79.],[85. 85. 87.],89.33,85.67,87.5,79.0,85.0,85.0,88.0,85.0,86.0
gBR_sBM_cAll_d06_mBR4_ch01,gBR,sBM,cAll,d06,mBR4,ch01,120,[117. 121.],[125. 120.],119.0,122.5,120.75,117.0,120.0,117.0,119.0,122.5,120.5
gKR_sBM_cAll_d30_mKR3_ch10,gKR,sBM,cAll,d30,mKR3,ch10,110,[106.  88.],[120.  81.],97.0,100.5,98.75,88.0,81.0,81.0,97.0,100.5,97.0
gHO_sBM_cAll_d21_mHO2_ch07,gHO,sBM,cAll,d21,mHO2,ch07,120,[125. 121.],[118. 120.],123.0,119.0,121.0,121.0,118.0,118.0,123.0,119.0,120.5
gMH_sBM_cAll_d23_mMH1_ch07,gMH,sBM,cAll,d23,mMH1,ch07,90,[97. 89. 87.],[95. 91. 90.],91.0,92.0,91.5,87.0,90.0,87.0,89.0,91.0,90.5
gWA_sBM_cAll_d25_mWA2_ch06,gWA,sBM,cAll,d25,mWA2,ch06,100,[107. 142.  98.],[ 98. 101. 100.],115.67,99.67,107.66666666666667,98.0,98.0,98.0,107.0,100.0,100.5
gJB_sBM_cAll_d09_mJB3_ch06,gJB,sBM,cAll,d09,mJB3,ch06,110,[ 89. 115.],[103.  89.],102.0,96.0,99.0,89.0,89.0,89.0,102.0,96.0,96.0
gWA_sBM_cAll_d26_mWA0_ch07,gWA,sBM,cAll,d26,mWA0,ch07,80,[ 75. 131. 144.],[ 92. 144. 110.],116.67,115.33,116.0,75.0,92.0,144.0,131.0,110.0,120.5
gLH_sBM_cAll_d16_mLH2_ch09,gLH,sBM,cAll,d16,mLH2,ch09,100,[ 78.  99. 105.],[ 89. 119. 102.],94.0,103.33,98.66666666666667,78.0,89.0,78.0,99.0,102.0,100.5
gWA_sFM_cAll_d25_mWA4_ch05,gWA,sFM,cAll,d25,mWA4,ch05,120,[124. 144. 110. 101. 129. 127. 141. 127.],[ 88. 101.  71. 139. 119.  72. 125.  85.],125.38,100.0,112.6875,127.0,71.0,101.0,127.0,94.5,121.5
gLH_sBM_cAll_d17_mLH0_ch01,gLH,sBM,cAll,d17,mLH0,ch01,80,[83. 78. 78.],[85. 79. 80.],79.67,81.33,80.5,78.0,79.0,78.0,78.0,80.0,79.5
gBR_sFM_cAll_d05_mBR4_ch13,gBR,sFM,cAll,d05,mBR4,ch13,120,[ 89.  88. 100. 107.  97. 123. 120. 144.],[128. 133. 144. 108.  71. 117. 143. 144.],108.5,123.5,116.0,88.0,144.0,144.0,103.5,130.5,118.5
gPO_sFM_cAll_d11_mPO4_ch12,gPO,sFM,cAll,d11,mPO4,ch12,120,[ 70.  97. 104.  77.  85. 123.  98.  77.],[119. 116. 130. 129. 140. 139. 136. 134.],91.38,130.38,110.875,77.0,116.0,77.0,91.0,132.0,117.5
gPO_sBM_cAll_d12_mPO4_ch03,gPO,sBM,cAll,d12,mPO4,ch03,120,[72. 78.],[119. 113.],75.0,116.0,95.5,72.0,113.0,72.0,75.0,116.0,95.5
gLH_sBM_cAll_d18_mLH4_ch08,gLH,sBM,cAll,d18,mLH4,ch08,120,[70. 73.],[144.  99.],71.5,121.5,96.5,70.0,99.0,70.0,71.5,121.5,86.0
gLO_sFM_cAll_d14_mLO2_ch10,gLO,sFM,cAll,d14,mLO2,ch10,100,[105. 115. 138. 129. 135.  78. 100.  87. 144.],[ 97. 115. 123. 104. 119. 135.  83. 131. 111.],114.56,113.11,113.83333333333333,78.0,83.0,115.0,115.0,115.0,115.0
gMH_sFM_cAll_d24_mMH0_ch15,gMH,sFM,cAll,d24,mMH0,ch15,80,[ 90.  84.  88. 144. 110. 133.  90.  89.  90.  76.  75.],[ 92. 133. 144. 144. 103.  73. 144.  80.  84.  96. 122.],97.18,110.45,103.81818181818181,90.0,144.0,144.0,90.0,103.0,91.0
gKR_sBM_cAll_d28_mKR2_ch08,gKR,sBM,cAll,d28,mKR2,ch08,100,[144. 144. 144.],[98. 99. 99.],144.0,98.67,121.33333333333333,144.0,99.0,144.0,144.0,99.0,121.5
gLO_sBM_cAll_d13_mLO2_ch01,gLO,sBM,cAll,d13,mLO2,ch01,100,[ 70. 137. 117.],[101. 100. 120.],108.0,107.0,107.5,70.0,100.0,70.0,117.0,101.0,109.0
gBR_sBM_cAll_d05_mBR1_ch05,gBR,sBM,cAll,d05,mBR1,ch05,90,[114.  86.  98.],[93. 92. 92.],99.33,92.33,95.83333333333333,86.0,92.0,92.0,98.0,92.0,92.5
gWA_sBM_cAll_d26_mWA1_ch08,gWA,sBM,cAll,d26,mWA1,ch08,90,[127. 121. 107.],[101.  90. 122.],118.33,104.33,111.33333333333333,107.0,90.0,90.0,121.0,101.0,114.0
gLO_sBM_cAll_d14_mLO5_ch01,gLO,sBM,cAll,d14,mLO5,ch01,130,[120.  74.],[71. 91.],97.0,81.0,89.0,74.0,71.0,71.0,97.0,81.0,82.5
gLH_sBM_cAll_d17_mLH1_ch01,gLH,sBM,cAll,d17,mLH1,ch01,90,[125. 110. 104.],[94. 90. 93.],113.0,92.33,102.66666666666667,104.0,90.0,90.0,110.0,93.0,99.0
gHO_sBM_cAll_d20_mHO0_ch09,gHO,sBM,cAll,d20,mHO0,ch09,110,[109. 114.],[111. 112.],111.5,111.5,111.5,109.0,111.0,109.0,111.5,111.5,111.5
gMH_sBM_cAll_d22_mMH0_ch06,gMH,sBM,cAll,d22,mMH0,ch06,80,[73. 87. 85.],[80. 80. 79.],81.67,79.67,80.66666666666667,73.0,80.0,80.0,85.0,80.0,80.0
gJB_sBM_cAll_d09_mJB2_ch04,gJB,sBM,cAll,d09,mJB2,ch04,100,[137.  70. 144.],[ 70. 120.  97.],117.0,95.67,106.33333333333333,70.0,70.0,70.0,137.0,97.0,108.5
gBR_sFM_cAll_d06_mBR3_ch17,gBR,sFM,cAll,d06,mBR3,ch17,110,[117. 121. 122.  78.  76. 114. 122.  74.],[117. 113. 108.  76. 109. 134. 118. 101.],103.0,109.5,106.25,122.0,76.0,76.0,115.5,111.0,113.5
gLO_sBM_cAll_d14_mLO4_ch05,gLO,sBM,cAll,d14,mLO4,ch05,120,[137. 114.],[105. 103.],125.5,104.0,114.75,114.0,103.0,103.0,125.5,104.0,109.5
gMH_sBM_cAll_d23_mMH1_ch02,gMH,sBM,cAll,d23,mMH1,ch02,90,[ 70. 104. 105.],[124. 144. 144.],93.0,137.33,115.16666666666667,70.0,144.0,144.0,104.0,144.0,114.5
gLH_sBM_cAll_d18_mLH4_ch01,gLH,sBM,cAll,d18,mLH4,ch01,120,[115. 118.],[ 77. 121.],116.5,99.0,107.75,115.0,77.0,77.0,116.5,99.0,116.5
gPO_sBM_cAll_d12_mPO2_ch01,gPO,sBM,cAll,d12,mPO2,ch01,100,[91. 98. 96.],[115. 101. 103.],95.0,106.33,100.66666666666667,91.0,101.0,91.0,96.0,103.0,99.5
gKR_sFM_cAll_d30_mKR4_ch19,gKR,sFM,cAll,d30,mKR4,ch19,120,[117. 114. 109. 112. 114. 144. 120. 109.],[ 89. 103. 105. 133. 119. 128. 139. 125.],117.38,117.62,117.5,109.0,89.0,109.0,114.0,122.0,115.5
gBR_sBM_cAll_d06_mBR4_ch03,gBR,sBM,cAll,d06,mBR4,ch03,120,[121.  92.],[107.  94.],106.5,100.5,103.5,92.0,94.0,92.0,106.5,100.5,100.5
gMH_sBM_cAll_d23_mMH1_ch05,gMH,sBM,cAll,d23,mMH1,ch05,90,[ 95. 144.  91.],[94. 91. 93.],110.0,92.67,101.33333333333333,91.0,91.0,91.0,95.0,93.0,93.5
gKR_sBM_cAll_d28_mKR1_ch07,gKR,sBM,cAll,d28,mKR1,ch07,90,[127. 136. 132.],[96. 87. 89.],131.67,90.67,111.16666666666667,127.0,87.0,87.0,132.0,89.0,111.5
gBR_sBM_cAll_d04_mBR0_ch02,gBR,sBM,cAll,d04,mBR0,ch02,80,[ 93. 139.  99.],[112. 118. 121.],110.33,117.0,113.66666666666667,93.0,112.0,93.0,99.0,118.0,115.0
gLO_sBM_cAll_d13_mLO3_ch01,gLO,sBM,cAll,d13,mLO3,ch01,110,[81. 83.],[144. 139.],82.0,141.5,111.75,81.0,139.0,81.0,82.0,141.5,111.0
gMH_sBM_cAll_d23_mMH1_ch06,gMH,sBM,cAll,d23,mMH1,ch06,90,[ 70. 122. 124.],[96. 91. 90.],105.33,92.33,98.83333333333333,70.0,90.0,70.0,122.0,91.0,93.5
gLH_sBM_cAll_d17_mLH0_ch07,gLH,sBM,cAll,d17,mLH0,ch07,80,[ 89. 103.  82.],[102.  97.  78.],91.33,92.33,91.83333333333333,82.0,78.0,78.0,89.0,97.0,93.0
gMH_sFM_cAll_d22_mMH5_ch06,gMH,sFM,cAll,d22,mMH5,ch06,130,[129. 117. 109. 126. 105.  91. 129.],[124. 129. 143. 127. 138. 131. 125.],115.14,131.0,123.07142857142857,129.0,124.0,129.0,117.0,129.0,126.5
gKR_sBM_cAll_d30_mKR4_ch01,gKR,sBM,cAll,d30,mKR4,ch01,120,[128.  86.],[ 76. 119.],107.0,97.5,102.25,86.0,76.0,76.0,107.0,97.5,102.5
gPO_sBM_cAll_d11_mPO5_ch05,gPO,sBM,cAll,d11,mPO5,ch05,130,[114.  96.],[129. 111.],105.0,120.0,112.5,96.0,111.0,96.0,105.0,120.0,112.5
gPO_sBM_cAll_d11_mPO0_ch05,gPO,sBM,cAll,d11,mPO0,ch05,80,[144. 131. 142.],[81. 90. 70.],139.0,80.33,109.66666666666667,131.0,70.0,70.0,142.0,81.0,110.5
gJS_sBM_cAll_d01_mJS0_ch07,gJS,sBM,cAll,d01,mJS0,ch07,80,[144.  85. 123.],[134.  70. 117.],117.33,107.0,112.16666666666667,85.0,70.0,70.0,123.0,117.0,120.0
gBR_sBM_cAll_d06_mBR2_ch09,gBR,sBM,cAll,d06,mBR2,ch09,100,[144.  96. 100.],[86. 99. 70.],113.33,85.0,99.16666666666667,96.0,70.0,70.0,100.0,86.0,97.5
gHO_sBM_cAll_d20_mHO1_ch10,gHO,sBM,cAll,d20,mHO1,ch10,115,[ 84. 144.],[119. 116.],114.0,117.5,115.75,84.0,116.0,84.0,114.0,117.5,117.5
gLO_sBM_cAll_d15_mLO5_ch02,gLO,sBM,cAll,d15,mLO5,ch02,130,[ 77. 136.],[132. 132.],106.5,132.0,119.25,77.0,132.0,132.0,106.5,132.0,132.0
gPO_sBM_cAll_d12_mPO3_ch08,gPO,sBM,cAll,d12,mPO3,ch08,110,[ 70. 117.],[107. 111.],93.5,109.0,101.25,70.0,107.0,70.0,93.5,109.0,109.0
gMH_sBM_cAll_d22_mMH2_ch02,gMH,sBM,cAll,d22,mMH2,ch02,100,[ 87. 135.  84.],[ 74. 126. 120.],102.0,106.67,104.33333333333333,84.0,74.0,74.0,87.0,120.0,103.5
gKR_sBM_cAll_d30_mKR4_ch06,gKR,sBM,cAll,d30,mKR4,ch06,120,[ 93. 144.],[143.  70.],118.5,106.5,112.5,93.0,70.0,70.0,118.5,106.5,118.0
gLH_sFM_cAll_d17_mLH0_ch08,gLH,sFM,cAll,d17,mLH0,ch08,80,[142. 144.  79.  75. 115.  99. 102. 120.  96. 138. 120.],[ 83. 106.  90.  97.  83.  86. 120. 144.  95. 144. 144.],111.82,108.36,110.0909090909091,120.0,144.0,144.0,115.0,97.0,104.0
gWA_sBM_cAll_d26_mWA5_ch10,gWA,sBM,cAll,d26,mWA5,ch10,130,[80. 91.],[ 81. 107.],85.5,94.0,89.75,80.0,81.0,80.0,85.5,94.0,86.0
gLO_sFM_cAll_d14_mLO5_ch13,gLO,sFM,cAll,d14,mLO5,ch13,130,[126.  70.  99. 103.  93. 116. 106.],[ 70.  96.  95.  97. 124. 133. 108.],101.86,103.29,102.57142857142857,70.0,70.0,70.0,103.0,97.0,101.0
gPO_sBM_cAll_d11_mPO4_ch02,gPO,sBM,cAll,d11,mPO4,ch02,120,[78. 81.],[115. 119.],79.5,117.0,98.25,78.0,115.0,78.0,79.5,117.0,98.0
gWA_sBM_cAll_d25_mWA2_ch10,gWA,sBM,cAll,d25,mWA2,ch10,100,[103. 102.  99.],[ 99. 140.  96.],101.33,111.67,106.5,99.0,96.0,99.0,102.0,99.0,100.5
gMH_sBM_cAll_d24_mMH3_ch04,gMH,sBM,cAll,d24,mMH3,ch04,110,[105. 111.],[105. 112.],108.0,108.5,108.25,105.0,105.0,105.0,108.0,108.5,108.0
gJS_sBM_cAll_d03_mJS5_ch02,gJS,sBM,cAll,d03,mJS5,ch02,130,[125.  77.],[106. 143.],101.0,124.5,112.75,77.0,106.0,77.0,101.0,124.5,115.5
gLH_sBM_cAll_d17_mLH0_ch05,gLH,sBM,cAll,d17,mLH0,ch05,80,[81. 81. 87.],[130.  78. 144.],83.0,117.33,100.16666666666667,81.0,78.0,81.0,81.0,130.0,84.0
gJB_sBM_cAll_d07_mJB1_ch10,gJB,sBM,cAll,d07,mJB1,ch10,90,[86. 94. 94.],[110. 139.  95.],91.33,114.67,103.0,94.0,95.0,94.0,94.0,110.0,94.5
gJS_sBM_cAll_d02_mJS5_ch01,gJS,sBM,cAll,d02,mJS5,ch01,130,[137. 144.],[70. 71.],140.5,70.5,105.5,137.0,70.0,70.0,140.5,70.5,104.0
gHO_sFM_cAll_d21_mHO3_ch21,gHO,sFM,cAll,d21,mHO3,ch21,125,[ 95.  70.  91. 135.  95.  82.  85.],[112. 124.  87. 125.  70.  72. 123.],93.29,101.86,97.57142857142857,95.0,70.0,70.0,91.0,112.0,93.0
gJB_sBM_cAll_d08_mJB4_ch04,gJB,sBM,cAll,d08,mJB4,ch04,120,[ 70. 123.],[ 70. 101.],96.5,85.5,91.0,70.0,70.0,70.0,96.5,85.5,85.5
gLH_sBM_cAll_d18_mLH4_ch09,gLH,sBM,cAll,d18,mLH4,ch09,120,[120. 113.],[123. 119.],116.5,121.0,118.75,113.0,119.0,113.0,116.5,121.0,119.5
gKR_sBM_cAll_d28_mKR3_ch06,gKR,sBM,cAll,d28,mKR3,ch06,110,[109. 110.],[107. 109.],109.5,108.0,108.75,109.0,107.0,109.0,109.5,108.0,109.0
gKR_sBM_cAll_d30_mKR4_ch05,gKR,sBM,cAll,d30,mKR4,ch05,120,[92. 87.],[ 88. 121.],89.5,104.5,97.0,87.0,88.0,87.0,89.5,104.5,90.0
gJB_sBM_cAll_d08_mJB1_ch09,gJB,sBM,cAll,d08,mJB1,ch09,90,[144.  96. 127.],[ 78. 119. 141.],122.33,112.67,117.5,96.0,78.0,78.0,127.0,119.0,123.0
gHO_sBM_cAll_d20_mHO4_ch10,gHO,sBM,cAll,d20,mHO4,ch10,130,[80. 78.],[119. 128.],79.0,123.5,101.25,78.0,119.0,78.0,79.0,123.5,99.5
gJB_sBM_cAll_d07_mJB0_ch06,gJB,sBM,cAll,d07,mJB0,ch06,80,[135. 130. 115.],[121.  77.  70.],126.67,89.33,108.0,115.0,70.0,70.0,130.0,77.0,118.0
gLH_sBM_cAll_d16_mLH1_ch09,gLH,sBM,cAll,d16,mLH1,ch09,90,[103.  70.  79.],[97. 90. 81.],84.0,89.33,86.66666666666667,70.0,81.0,70.0,79.0,90.0,85.5
gBR_sBM_cAll_d06_mBR5_ch01,gBR,sBM,cAll,d06,mBR5,ch01,130,[101. 130.],[135. 129.],115.5,132.0,123.75,101.0,129.0,101.0,115.5,132.0,129.5
gLO_sFM_cAll_d15_mLO3_ch18,gLO,sFM,cAll,d15,mLO3,ch18,110,[ 90.  94.  70. 134. 117.  98.  89. 112.],[117. 111. 138.  96. 122. 102. 113. 136.],100.5,116.88,108.6875,70.0,96.0,117.0,96.0,115.0,111.5
gKR_sBM_cAll_d29_mKR0_ch02,gKR,sBM,cAll,d29,mKR0,ch02,80,[87. 80. 85.],[86. 80. 79.],84.0,81.67,82.83333333333333,80.0,79.0,80.0,85.0,80.0,82.5
gHO_sBM_cAll_d21_mHO5_ch05,gHO,sBM,cAll,d21,mHO5,ch05,135,[129. 135.],[127. 134.],132.0,130.5,131.25,129.0,127.0,127.0,132.0,130.5,131.5
gMH_sBM_cAll_d23_mMH4_ch05,gMH,sBM,cAll,d23,mMH4,ch05,120,[117. 117.],[ 82. 116.],117.0,99.0,108.0,117.0,82.0,117.0,117.0,99.0,116.5
gHO_sBM_cAll_d19_mHO1_ch03,gHO,sBM,cAll,d19,mHO1,ch03,115,[79. 85.],[106. 114.],82.0,110.0,96.0,79.0,106.0,79.0,82.0,110.0,95.5
gMH_sBM_cAll_d24_mMH4_ch01,gMH,sBM,cAll,d24,mMH4,ch01,120,[117. 121.],[81. 78.],119.0,79.5,99.25,117.0,78.0,78.0,119.0,79.5,99.0
gLO_sBM_cAll_d15_mLO2_ch10,gLO,sBM,cAll,d15,mLO2,ch10,100,[ 91. 100.  94.],[110. 100.  98.],95.0,102.67,98.83333333333333,91.0,98.0,100.0,94.0,100.0,99.0
gMH_sBM_cAll_d23_mMH0_ch07,gMH,sBM,cAll,d23,mMH0,ch07,80,[144. 133. 131.],[88. 83. 81.],136.0,84.0,110.0,131.0,81.0,81.0,133.0,83.0,109.5
gWA_sBM_cAll_d25_mWA1_ch09,gWA,sBM,cAll,d25,mWA1,ch09,90,[106. 131.  95.],[135.  90. 103.],110.67,109.33,110.0,95.0,90.0,90.0,106.0,103.0,104.5
gKR_sBM_cAll_d28_mKR1_ch05,gKR,sBM,cAll,d28,mKR1,ch05,90,[92. 91. 90.],[107.  90.  92.],91.0,96.33,93.66666666666667,90.0,90.0,90.0,91.0,92.0,91.5
gLH_sBM_cAll_d16_mLH0_ch08,gLH,sBM,cAll,d16,mLH0,ch08,80,[135.  70.  70.],[128.  89. 121.],91.67,112.67,102.16666666666667,70.0,89.0,70.0,70.0,121.0,105.0
gPO_sBM_cAll_d10_mPO3_ch07,gPO,sBM,cAll,d10,mPO3,ch07,110,[117.  87.],[116. 140.],102.0,128.0,115.0,87.0,116.0,87.0,102.0,128.0,116.5
gLH_sFM_cAll_d17_mLH1_ch09,gLH,sFM,cAll,d17,mLH1,ch09,90,[126. 100. 132. 114. 112.  97. 138. 117.  88. 123.],[ 92. 138. 118.  81. 108. 131. 108. 109. 104. 120.],114.7,110.9,112.8,88.0,108.0,108.0,115.5,108.5,113.0
gBR_sBM_cAll_d06_mBR2_ch02,gBR,sBM,cAll,d06,mBR2,ch02,100,[102. 101. 105.],[144.  75. 131.],102.67,116.67,109.66666666666667,101.0,75.0,75.0,102.0,131.0,103.5
gLO_sBM_cAll_d13_mLO2_ch07,gLO,sBM,cAll,d13,mLO2,ch07,100,[138. 126. 139.],[139. 100. 144.],134.33,127.67,131.0,126.0,100.0,139.0,138.0,139.0,138.5
gKR_sFM_cAll_d28_mKR0_ch01,gKR,sFM,cAll,d28,mKR0,ch01,80,[ 75. 141.  72.  93.  83.  95. 108. 136. 116.  97. 120.],[106. 105.  72. 116. 108.  84. 106.  88. 100. 103.  94.],103.27,98.36,100.81818181818181,72.0,106.0,72.0,97.0,103.0,101.5
gLO_sFM_cAll_d14_mLO0_ch08,gLO,sFM,cAll,d14,mLO0,ch08,80,[118. 120. 126. 110. 120. 111.  81. 126. 127. 125.  98.],[ 73.  71.  99. 122. 119. 110.  79.  83.  90.  95. 138.],114.73,98.09,106.4090909090909,120.0,71.0,110.0,120.0,95.0,110.5
gKR_sBM_cAll_d30_mKR5_ch04,gKR,sBM,cAll,d30,mKR5,ch04,130,[126. 131.],[70. 70.],128.5,70.0,99.25,126.0,70.0,70.0,128.5,70.0,98.0
gBR_sBM_cAll_d06_mBR2_ch04,gBR,sBM,cAll,d06,mBR2,ch04,100,[ 91. 126. 135.],[101. 103. 107.],117.33,103.67,110.5,91.0,101.0,91.0,126.0,103.0,105.0
gMH_sBM_cAll_d23_mMH4_ch07,gMH,sBM,cAll,d23,mMH4,ch07,120,[75. 75.],[120. 121.],75.0,120.5,97.75,75.0,120.0,75.0,75.0,120.5,97.5
gLH_sBM_cAll_d18_mLH5_ch03,gLH,sBM,cAll,d18,mLH5,ch03,130,[76. 96.],[ 72. 132.],86.0,102.0,94.0,76.0,72.0,72.0,86.0,102.0,86.0
gKR_sBM_cAll_d29_mKR5_ch10,gKR,sBM,cAll,d29,mKR5,ch10,130,[134. 130.],[98. 92.],132.0,95.0,113.5,130.0,92.0,92.0,132.0,95.0,114.0
gBR_sBM_cAll_d06_mBR2_ch08,gBR,sBM,cAll,d06,mBR2,ch08,100,[128.  78. 122.],[100. 101. 144.],109.33,115.0,112.16666666666667,78.0,100.0,78.0,122.0,101.0,111.5
gPO_sBM_cAll_d11_mPO0_ch07,gPO,sBM,cAll,d11,mPO0,ch07,80,[118.  81.  70.],[109.  86.  84.],89.67,93.0,91.33333333333333,70.0,84.0,70.0,81.0,86.0,85.0
gWA_sBM_cAll_d26_mWA0_ch08,gWA,sBM,cAll,d26,mWA0,ch08,80,[ 78. 100. 103.],[144.  71. 144.],93.67,119.67,106.66666666666667,78.0,144.0,144.0,100.0,144.0,101.5
gPO_sBM_cAll_d12_mPO5_ch05,gPO,sBM,cAll,d12,mPO5,ch05,130,[78. 71.],[90. 88.],74.5,89.0,81.75,71.0,88.0,71.0,74.5,89.0,83.0
gJB_sBM_cAll_d07_mJB1_ch05,gJB,sBM,cAll,d07,mJB1,ch05,90,[116. 110. 112.],[133.  70.  73.],112.67,92.0,102.33333333333333,110.0,70.0,70.0,112.0,73.0,111.0
gLO_sBM_cAll_d15_mLO5_ch03,gLO,sBM,cAll,d15,mLO5,ch03,130,[100. 122.],[ 77. 144.],111.0,110.5,110.75,100.0,77.0,77.0,111.0,110.5,111.0
gJB_sBM_cAll_d08_mJB5_ch10,gJB,sBM,cAll,d08,mJB5,ch10,130,[ 72. 114.],[134. 140.],93.0,137.0,115.0,72.0,134.0,72.0,93.0,137.0,124.0
gMH_sBM_cAll_d23_mMH1_ch08,gMH,sBM,cAll,d23,mMH1,ch08,90,[117. 144. 119.],[92. 92. 88.],126.67,90.67,108.66666666666667,117.0,92.0,92.0,119.0,92.0,104.5
gMH_sBM_cAll_d24_mMH4_ch06,gMH,sBM,cAll,d24,mMH4,ch06,120,[115. 120.],[124. 121.],117.5,122.5,120.0,115.0,121.0,115.0,117.5,122.5,120.5
gMH_sBM_cAll_d24_mMH3_ch09,gMH,sBM,cAll,d24,mMH3,ch09,110,[108. 111.],[ 90. 113.],109.5,101.5,105.5,108.0,90.0,90.0,109.5,101.5,109.5
gJS_sBM_cAll_d02_mJS4_ch07,gJS,sBM,cAll,d02,mJS4,ch07,120,[99. 88.],[75. 70.],93.5,72.5,83.0,88.0,70.0,70.0,93.5,72.5,81.5
gPO_sBM_cAll_d12_mPO4_ch10,gPO,sBM,cAll,d12,mPO4,ch10,120,[144. 100.],[144. 110.],122.0,127.0,124.5,100.0,110.0,144.0,122.0,127.0,127.0
gJB_sFM_cAll_d09_mJB5_ch20,gJB,sFM,cAll,d09,mJB5,ch20,130,[ 87. 105. 113.  78. 107. 132. 131.],[ 93.  78. 125. 108. 141. 134. 135.],107.57,116.29,111.92857142857143,78.0,78.0,78.0,107.0,125.0,110.5
gJB_sBM_cAll_d08_mJB0_ch08,gJB,sBM,cAll,d08,mJB0,ch08,80,[120. 110. 126.],[127.  73.  91.],118.67,97.0,107.83333333333333,110.0,73.0,73.0,120.0,91.0,115.0
gBR_sBM_cAll_d04_mBR2_ch06,gBR,sBM,cAll,d04,mBR2,ch06,100,[ 78. 126.  81.],[100. 100.  87.],95.0,95.67,95.33333333333333,78.0,100.0,100.0,81.0,100.0,93.5
gMH_sBM_cAll_d24_mMH3_ch02,gMH,sBM,cAll,d24,mMH3,ch02,110,[118. 128.],[ 98. 127.],123.0,112.5,117.75,118.0,98.0,98.0,123.0,112.5,122.5
gLO_sBM_cAll_d15_mLO2_ch06,gLO,sBM,cAll,d15,mLO2,ch06,100,[108. 101. 116.],[72. 75. 75.],108.33,74.0,91.16666666666667,101.0,75.0,75.0,108.0,75.0,88.0
gWA_sBM_cAll_d26_mWA4_ch07,gWA,sBM,cAll,d26,mWA4,ch07,120,[ 73. 116.],[ 99. 100.],94.5,99.5,97.0,73.0,99.0,73.0,94.5,99.5,99.5
gLO_sFM_cAll_d15_mLO1_ch16,gLO,sFM,cAll,d15,mLO1,ch16,90,[110.  97. 137. 104.  94. 110. 101.  87.  96.  99.],[101.  92.  76. 112.  90.  93. 107. 111.  86.  94.],103.5,96.2,99.85,110.0,76.0,94.0,100.0,93.5,98.0
gPO_sBM_cAll_d11_mPO1_ch07,gPO,sBM,cAll,d11,mPO1,ch07,90,[144. 121.  70.],[97. 89. 85.],111.67,90.33,101.0,70.0,85.0,70.0,121.0,89.0,93.0
gMH_sBM_cAll_d24_mMH2_ch06,gMH,sBM,cAll,d24,mMH2,ch06,100,[ 79.  75. 105.],[100.  98.  91.],86.33,96.33,91.33333333333333,75.0,91.0,75.0,79.0,98.0,94.5
gJB_sBM_cAll_d07_mJB0_ch10,gJB,sBM,cAll,d07,mJB0,ch10,80,[81. 79. 97.],[116. 123. 100.],85.67,113.0,99.33333333333333,79.0,100.0,79.0,81.0,116.0,98.5
gPO_sBM_cAll_d10_mPO0_ch05,gPO,sBM,cAll,d10,mPO0,ch05,80,[134.  88. 140.],[121. 144. 112.],120.67,125.67,123.16666666666667,88.0,112.0,88.0,134.0,121.0,127.5
gHO_sFM_cAll_d20_mHO2_ch10,gHO,sFM,cAll,d20,mHO2,ch10,120,[130. 126.  94.  91. 106. 119. 121. 144.],[ 96. 133.  80. 126. 115.  95. 121. 119.],116.38,110.62,113.5,91.0,80.0,119.0,120.0,117.0,119.0
gLH_sBM_cAll_d18_mLH2_ch02,gLH,sBM,cAll,d18,mLH2,ch02,100,[ 77. 135. 144.],[100.  96. 123.],118.67,106.33,112.5,77.0,96.0,77.0,135.0,100.0,111.5
gPO_sBM_cAll_d12_mPO3_ch07,gPO,sBM,cAll,d12,mPO3,ch07,110,[ 75. 108.],[ 92. 107.],91.5,99.5,95.5,75.0,92.0,75.0,91.5,99.5,99.5
gHO_sFM_cAll_d21_mHO3_ch18,gHO,sFM,cAll,d21,mHO3,ch18,125,[117.  70. 103. 128. 124.  96.  89.],[117. 131. 144. 126. 120. 136. 108.],103.86,126.0,114.92857142857143,70.0,108.0,117.0,103.0,126.0,118.5
gMH_sBM_cAll_d24_mMH5_ch08,gMH,sBM,cAll,d24,mMH5,ch08,130,[130. 126.],[ 83. 123.],128.0,103.0,115.5,126.0,83.0,83.0,128.0,103.0,124.5
gBR_sBM_cAll_d05_mBR5_ch09,gBR,sBM,cAll,d05,mBR5,ch09,130,[ 70. 128.],[107.  95.],99.0,101.0,100.0,70.0,95.0,70.0,99.0,101.0,101.0
gJB_sBM_cAll_d08_mJB5_ch04,gJB,sBM,cAll,d08,mJB5,ch04,130,[139. 135.],[ 70. 115.],137.0,92.5,114.75,135.0,70.0,70.0,137.0,92.5,125.0
gWA_sBM_cAll_d27_mWA2_ch08,gWA,sBM,cAll,d27,mWA2,ch08,100,[113. 109.  92.],[102. 101. 135.],104.67,112.67,108.66666666666667,92.0,101.0,92.0,109.0,102.0,105.5
gMH_sBM_cAll_d24_mMH2_ch04,gMH,sBM,cAll,d24,mMH2,ch04,100,[104.  99.  99.],[ 99. 100. 101.],100.67,100.0,100.33333333333333,99.0,99.0,99.0,99.0,100.0,99.5
gWA_sBM_cAll_d27_mWA3_ch05,gWA,sBM,cAll,d27,mWA3,ch05,110,[ 70. 144.],[124. 109.],107.0,116.5,111.75,70.0,109.0,70.0,107.0,116.5,116.5
gPO_sBM_cAll_d12_mPO4_ch08,gPO,sBM,cAll,d12,mPO4,ch08,120,[70. 72.],[125. 118.],71.0,121.5,96.25,70.0,118.0,70.0,71.0,121.5,95.0
gKR_sBM_cAll_d30_mKR4_ch08,gKR,sBM,cAll,d30,mKR4,ch08,120,[102.  91.],[88. 89.],96.5,88.5,92.5,91.0,88.0,88.0,96.5,88.5,90.0
gMH_sBM_cAll_d23_mMH0_ch04,gMH,sBM,cAll,d23,mMH0,ch04,80,[92. 81. 84.],[144. 110.  82.],85.67,112.0,98.83333333333333,81.0,82.0,81.0,84.0,110.0,88.0
gLH_sBM_cAll_d17_mLH0_ch04,gLH,sBM,cAll,d17,mLH0,ch04,80,[128. 104. 118.],[109. 144. 135.],116.67,129.33,123.0,104.0,109.0,104.0,118.0,135.0,123.0
gJS_sFM_cAll_d02_mJS2_ch03,gJS,sFM,cAll,d02,mJS2,ch03,100,[ 88.  95. 102. 115. 118. 113.  97. 116. 107.],[119.  98. 108.  70. 132.  70. 105.  97. 124.],105.67,102.56,104.11111111111111,88.0,70.0,70.0,107.0,105.0,106.0
gJS_sBM_cAll_d02_mJS1_ch09,gJS,sBM,cAll,d02,mJS1,ch09,90,[ 70. 111. 139.],[ 71. 117.  96.],106.67,94.67,100.66666666666667,70.0,71.0,70.0,111.0,96.0,103.5
gKR_sBM_cAll_d29_mKR5_ch05,gKR,sBM,cAll,d29,mKR5,ch05,130,[143. 138.],[122. 126.],140.5,124.0,132.25,138.0,122.0,122.0,140.5,124.0,132.0
gKR_sFM_cAll_d30_mKR3_ch18,gKR,sFM,cAll,d30,mKR3,ch18,110,[ 81. 142. 125.  82.  93. 140. 137.  89.],[ 98.  84. 144.  79. 139.  94. 109. 124.],111.12,108.88,110.0,81.0,79.0,79.0,109.0,103.5,103.5
gKR_sBM_cAll_d29_mKR4_ch01,gKR,sBM,cAll,d29,mKR4,ch01,120,[115.  90.],[119. 121.],102.5,120.0,111.25,90.0,119.0,90.0,102.5,120.0,117.0
gLH_sBM_cAll_d16_mLH0_ch07,gLH,sBM,cAll,d16,mLH0,ch07,80,[ 99.  99. 103.],[135. 111.  78.],100.33,108.0,104.16666666666667,99.0,78.0,99.0,99.0,111.0,101.0
gWA_sBM_cAll_d25_mWA1_ch08,gWA,sBM,cAll,d25,mWA1,ch08,90,[140. 110. 106.],[136. 107. 134.],118.67,125.67,122.16666666666667,106.0,107.0,106.0,110.0,134.0,122.0
gJB_sBM_cAll_d09_mJB2_ch05,gJB,sBM,cAll,d09,mJB2,ch05,100,[ 77. 131. 138.],[106. 107. 107.],115.33,106.67,111.0,77.0,107.0,107.0,131.0,107.0,107.0
gJS_sBM_cAll_d02_mJS0_ch09,gJS,sBM,cAll,d02,mJS0,ch09,80,[ 98. 125. 125.],[70. 70. 79.],116.0,73.0,94.5,125.0,70.0,70.0,125.0,70.0,88.5
gLH_sBM_cAll_d17_mLH5_ch08,gLH,sBM,cAll,d17,mLH5,ch08,130,[ 81. 129.],[133.  70.],105.0,101.5,103.25,81.0,70.0,70.0,105.0,101.5,105.0
gLO_sBM_cAll_d15_mLO4_ch05,gLO,sBM,cAll,d15,mLO4,ch05,120,[86. 89.],[ 86. 120.],87.5,103.0,95.25,86.0,86.0,86.0,87.5,103.0,87.5
gJS_sBM_cAll_d01_mJS1_ch09,gJS,sBM,cAll,d01,mJS1,ch09,90,[109. 137. 105.],[72. 75. 97.],117.0,81.33,99.16666666666667,105.0,72.0,72.0,109.0,75.0,101.0
gLO_sFM_cAll_d14_mLO5_ch14,gLO,sFM,cAll,d14,mLO5,ch14,130,[120.  74. 104.  73. 128. 104. 101.],[126.  85. 122.  79. 131. 127. 129.],100.57,114.14,107.35714285714286,104.0,79.0,104.0,104.0,126.0,112.0
gKR_sBM_cAll_d30_mKR4_ch09,gKR,sBM,cAll,d30,mKR4,ch09,120,[ 88. 144.],[103.  70.],116.0,86.5,101.25,88.0,70.0,70.0,116.0,86.5,95.5
gJB_sBM_cAll_d08_mJB5_ch01,gJB,sBM,cAll,d08,mJB5,ch01,130,[79. 82.],[144. 118.],80.5,131.0,105.75,79.0,118.0,79.0,80.5,131.0,100.0
gWA_sBM_cAll_d27_mWA5_ch10,gWA,sBM,cAll,d27,mWA5,ch10,130,[106. 108.],[132. 101.],107.0,116.5,111.75,106.0,101.0,101.0,107.0,116.5,107.0
gLH_sBM_cAll_d16_mLH2_ch02,gLH,sBM,cAll,d16,mLH2,ch02,100,[112.  77. 121.],[ 89. 100. 110.],103.33,99.67,101.5,77.0,89.0,77.0,112.0,100.0,105.0
gLH_sFM_cAll_d16_mLH2_ch03,gLH,sFM,cAll,d16,mLH2,ch03,100,[111. 144.  86. 109. 124.  89.  77.  86.  96.],[134.  90. 115. 123.  85. 132.  88.  72.  94.],102.44,103.67,103.05555555555556,86.0,72.0,86.0,96.0,94.0,95.0
gMH_sBM_cAll_d22_mMH2_ch05,gMH,sBM,cAll,d22,mMH2,ch05,100,[ 99. 100. 104.],[98. 99. 96.],101.0,97.67,99.33333333333333,99.0,96.0,99.0,100.0,98.0,99.0
gWA_sBM_cAll_d26_mWA4_ch02,gWA,sBM,cAll,d26,mWA4,ch02,120,[119. 138.],[133. 138.],128.5,135.5,132.0,119.0,133.0,138.0,128.5,135.5,135.5
gWA_sBM_cAll_d25_mWA1_ch07,gWA,sBM,cAll,d25,mWA1,ch07,90,[126. 128. 137.],[138. 137. 132.],130.33,135.67,133.0,126.0,132.0,137.0,128.0,137.0,134.5
gHO_sFM_cAll_d19_mHO0_ch01,gHO,sFM,cAll,d19,mHO0,ch01,110,[115. 113. 112.  71. 106. 112. 134.  91.],[106. 109. 107. 112. 111. 108. 110. 121.],106.75,110.5,108.625,112.0,106.0,112.0,112.0,109.5,110.5
gLH_sBM_cAll_d16_mLH3_ch03,gLH,sBM,cAll,d16,mLH3,ch03,110,[116. 108.],[ 70. 113.],112.0,91.5,101.75,108.0,70.0,70.0,112.0,91.5,110.5
gJS_sBM_cAll_d01_mJS2_ch01,gJS,sBM,cAll,d01,mJS2,ch01,100,[91. 99. 75.],[ 96.  98. 101.],88.33,98.33,93.33333333333333,75.0,96.0,75.0,91.0,98.0,97.0
gLH_sBM_cAll_d18_mLH4_ch03,gLH,sBM,cAll,d18,mLH4,ch03,120,[96. 90.],[122. 115.],93.0,118.5,105.75,90.0,115.0,90.0,93.0,118.5,105.5
gJB_sBM_cAll_d09_mJB4_ch08,gJB,sBM,cAll,d09,mJB4,ch08,120,[132. 120.],[121. 118.],126.0,119.5,122.75,120.0,118.0,118.0,126.0,119.5,120.5
gJB_sBM_cAll_d08_mJB4_ch06,gJB,sBM,cAll,d08,mJB4,ch06,120,[128. 117.],[73. 98.],122.5,85.5,104.0,117.0,73.0,73.0,122.5,85.5,107.5
gKR_sBM_cAll_d29_mKR5_ch03,gKR,sBM,cAll,d29,mKR5,ch03,130,[110.  95.],[70. 70.],102.5,70.0,86.25,95.0,70.0,70.0,102.5,70.0,82.5
gLH_sBM_cAll_d18_mLH4_ch06,gLH,sBM,cAll,d18,mLH4,ch06,120,[127. 144.],[144. 117.],135.5,130.5,133.0,127.0,117.0,144.0,135.5,130.5,135.5
gLO_sBM_cAll_d13_mLO0_ch02,gLO,sBM,cAll,d13,mLO0,ch02,80,[134.  88. 126.],[88. 80. 98.],116.0,88.67,102.33333333333333,88.0,80.0,88.0,126.0,88.0,93.0
gLO_sFM_cAll_d13_mLO2_ch03,gLO,sFM,cAll,d13,mLO2,ch03,100,[115. 128. 142. 119.  90. 134.  80. 111.  99.],[134.  98.  88.  81.  88.  92. 140. 101. 106.],113.11,103.11,108.11111111111111,80.0,88.0,88.0,115.0,98.0,103.5
gPO_sBM_cAll_d12_mPO4_ch02,gPO,sBM,cAll,d12,mPO4,ch02,120,[79. 77.],[121. 119.],78.0,120.0,99.0,77.0,119.0,77.0,78.0,120.0,99.0
gLO_sBM_cAll_d13_mLO2_ch04,gLO,sBM,cAll,d13,mLO2,ch04,100,[112. 119. 111.],[110. 132.  78.],114.0,106.67,110.33333333333333,111.0,78.0,78.0,112.0,110.0,111.5
gJS_sFM_cAll_d01_mJS4_ch05,gJS,sFM,cAll,d01,mJS4,ch05,120,[ 79.  88.  83. 114.  94.  99. 100.  88.],[ 92. 117. 102. 131.  70. 115.  92. 112.],93.12,103.88,98.5,88.0,92.0,88.0,91.0,107.0,96.5
gJB_sBM_cAll_d09_mJB5_ch10,gJB,sBM,cAll,d09,mJB5,ch10,130,[ 70. 111.],[144.  98.],90.5,121.0,105.75,70.0,98.0,70.0,90.5,121.0,104.5
gJS_sBM_cAll_d03_mJS4_ch02,gJS,sBM,cAll,d03,mJS4,ch02,120,[123. 142.],[ 74. 100.],132.5,87.0,109.75,123.0,74.0,74.0,132.5,87.0,111.5
gJB_sBM_cAll_d07_mJB0_ch09,gJB,sBM,cAll,d07,mJB0,ch09,80,[117. 134.  91.],[79. 77. 90.],114.0,82.0,98.0,91.0,77.0,77.0,117.0,79.0,90.5
gJS_sBM_cAll_d02_mJS4_ch01,gJS,sBM,cAll,d02,mJS4,ch01,120,[ 79. 126.],[122.  70.],102.5,96.0,99.25,79.0,70.0,70.0,102.5,96.0,100.5
gWA_sBM_cAll_d27_mWA4_ch04,gWA,sBM,cAll,d27,mWA4,ch04,120,[134.  70.],[108. 120.],102.0,114.0,108.0,70.0,108.0,70.0,102.0,114.0,114.0
gLO_sBM_cAll_d13_mLO3_ch05,gLO,sBM,cAll,d13,mLO3,ch05,110,[138. 109.],[110. 111.],123.5,110.5,117.0,109.0,110.0,109.0,123.5,110.5,110.5
gLO_sBM_cAll_d13_mLO0_ch08,gLO,sBM,cAll,d13,mLO0,ch08,80,[80. 78. 79.],[80. 83. 81.],79.0,81.33,80.16666666666667,78.0,80.0,80.0,79.0,81.0,80.0
gHO_sBM_cAll_d19_mHO2_ch03,gHO,sBM,cAll,d19,mHO2,ch03,120,[ 83. 123.],[108. 127.],103.0,117.5,110.25,83.0,108.0,83.0,103.0,117.5,115.5
gMH_sBM_cAll_d23_mMH5_ch01,gMH,sBM,cAll,d23,mMH5,ch01,130,[100. 124.],[101. 123.],112.0,112.0,112.0,100.0,101.0,100.0,112.0,112.0,112.0
gWA_sBM_cAll_d26_mWA1_ch09,gWA,sBM,cAll,d26,mWA1,ch09,90,[ 83.  92. 121.],[ 98. 144. 120.],98.67,120.67,109.66666666666667,83.0,98.0,83.0,92.0,120.0,109.0
gHO_sBM_cAll_d21_mHO2_ch02,gHO,sBM,cAll,d21,mHO2,ch02,120,[116. 121.],[115. 119.],118.5,117.0,117.75,116.0,115.0,115.0,118.5,117.0,117.5
gJS_sBM_cAll_d01_mJS3_ch04,gJS,sBM,cAll,d01,mJS3,ch04,110,[136. 129.],[ 77. 108.],132.5,92.5,112.5,129.0,77.0,77.0,132.5,92.5,118.5
gLH_sBM_cAll_d16_mLH2_ch01,gLH,sBM,cAll,d16,mLH2,ch01,100,[103. 100. 105.],[108. 144. 104.],102.67,118.67,110.66666666666667,100.0,104.0,100.0,103.0,108.0,104.5
gKR_sBM_cAll_d30_mKR4_ch03,gKR,sBM,cAll,d30,mKR4,ch03,120,[127.  70.],[87. 93.],98.5,90.0,94.25,70.0,87.0,70.0,98.5,90.0,90.0
gHO_sBM_cAll_d19_mHO2_ch08,gHO,sBM,cAll,d19,mHO2,ch08,120,[ 97. 105.],[123. 119.],101.0,121.0,111.0,97.0,119.0,97.0,101.0,121.0,112.0
gJS_sBM_cAll_d02_mJS0_ch08,gJS,sBM,cAll,d02,mJS0,ch08,80,[111. 140.  96.],[77. 80. 80.],115.67,79.0,97.33333333333333,96.0,80.0,80.0,111.0,80.0,88.0
gWA_sFM_cAll_d25_mWA1_ch02,gWA,sFM,cAll,d25,mWA1,ch02,90,[144.  97. 104.  89. 144. 121. 122.  75. 109.  89.],[ 95.  92.  97.  95.  89. 107. 117. 110. 124.  90.],109.4,101.6,105.5,89.0,95.0,89.0,106.5,96.0,100.5
gPO_sBM_cAll_d11_mPO0_ch09,gPO,sBM,cAll,d11,mPO0,ch09,80,[ 72.  87. 126.],[134. 111. 123.],95.0,122.67,108.83333333333333,72.0,111.0,72.0,87.0,123.0,117.0
gKR_sBM_cAll_d29_mKR1_ch06,gKR,sBM,cAll,d29,mKR1,ch06,90,[116.  96.  95.],[144. 135.  92.],102.33,123.67,113.0,95.0,92.0,92.0,96.0,135.0,106.0
gKR_sBM_cAll_d28_mKR0_ch10,gKR,sBM,cAll,d28,mKR0,ch10,80,[ 88. 101. 143.],[144. 141.  81.],110.67,122.0,116.33333333333333,88.0,81.0,81.0,101.0,141.0,121.0
gKR_sFM_cAll_d29_mKR4_ch12,gKR,sFM,cAll,d29,mKR4,ch12,120,[140.  96.  88. 134. 131. 116. 139. 135.],[114. 118. 110. 128. 128. 112. 101.  72.],122.38,110.38,116.375,88.0,128.0,128.0,132.5,113.0,117.0
gHO_sFM_cAll_d19_mHO1_ch02,gHO,sFM,cAll,d19,mHO1,ch02,115,[ 70. 140. 120.  82.  88.  96. 125. 114.],[119. 113. 108. 120. 116. 113. 117. 109.],104.38,114.38,109.375,70.0,113.0,113.0,105.0,114.5,113.5
gKR_sFM_cAll_d29_mKR2_ch10,gKR,sFM,cAll,d29,mKR2,ch10,100,[ 91.  70. 105. 130.  87.  95. 102.  97. 138.],[112. 119. 108. 104.  99. 138. 113.  81. 137.],101.67,112.33,107.0,70.0,81.0,138.0,97.0,112.0,104.5
gPO_sBM_cAll_d11_mPO4_ch10,gPO,sBM,cAll,d11,mPO4,ch10,120,[ 80. 136.],[114. 101.],108.0,107.5,107.75,80.0,101.0,80.0,108.0,107.5,107.5
gHO_sBM_cAll_d19_mHO1_ch04,gHO,sBM,cAll,d19,mHO1,ch04,115,[ 70. 115.],[107. 116.],92.5,111.5,102.0,70.0,107.0,70.0,92.5,111.5,111.0
gPO_sBM_cAll_d10_mPO2_ch06,gPO,sBM,cAll,d10,mPO2,ch06,100,[131.  92.  76.],[ 95. 144. 102.],99.67,113.67,106.66666666666667,76.0,95.0,76.0,92.0,102.0,98.5
gHO_sBM_cAll_d20_mHO4_ch05,gHO,sBM,cAll,d20,mHO4,ch05,130,[129. 130.],[129. 129.],129.5,129.0,129.25,129.0,129.0,129.0,129.5,129.0,129.0
gPO_sBM_cAll_d12_mPO5_ch03,gPO,sBM,cAll,d12,mPO5,ch03,130,[125.  91.],[125. 134.],108.0,129.5,118.75,91.0,125.0,125.0,108.0,129.5,125.0
gWA_sBM_cAll_d26_mWA1_ch07,gWA,sBM,cAll,d26,mWA1,ch07,90,[ 92.  85. 144.],[107.  76. 144.],107.0,109.0,108.0,85.0,76.0,144.0,92.0,107.0,99.5
gKR_sBM_cAll_d28_mKR2_ch04,gKR,sBM,cAll,d28,mKR2,ch04,100,[86. 74. 75.],[144. 102. 111.],78.33,119.0,98.66666666666667,74.0,102.0,74.0,75.0,111.0,94.0
gWA_sFM_cAll_d26_mWA2_ch10,gWA,sFM,cAll,d26,mWA2,ch10,100,[124. 104. 124. 117. 126.  95. 135. 108. 119.],[ 72.  70. 110.  93. 130. 111. 123.  95. 111.],116.89,101.67,109.27777777777777,124.0,111.0,95.0,119.0,110.0,111.0
gLO_sBM_cAll_d15_mLO4_ch03,gLO,sBM,cAll,d15,mLO4,ch03,120,[142. 138.],[112.  73.],140.0,92.5,116.25,138.0,73.0,73.0,140.0,92.5,125.0
gMH_sFM_cAll_d24_mMH1_ch16,gMH,sFM,cAll,d24,mMH1,ch16,90,[ 79.  71.  75. 143.  87. 103. 143. 100.  93.  90.],[118. 110. 106. 118. 111. 140.  98.  90.  87. 125.],98.4,110.3,104.35,143.0,118.0,87.0,91.5,110.5,101.5
gPO_sBM_cAll_d12_mPO4_ch05,gPO,sBM,cAll,d12,mPO4,ch05,120,[144.  75.],[108. 130.],109.5,119.0,114.25,75.0,108.0,75.0,109.5,119.0,119.0
gJS_sBM_cAll_d01_mJS2_ch08,gJS,sBM,cAll,d01,mJS2,ch08,100,[ 70. 124. 133.],[100.  97. 116.],109.0,104.33,106.66666666666667,70.0,97.0,70.0,124.0,100.0,108.0
gHO_sBM_cAll_d20_mHO1_ch06,gHO,sBM,cAll,d20,mHO1,ch06,115,[77. 73.],[119. 117.],75.0,118.0,96.5,73.0,117.0,73.0,75.0,118.0,97.0
gHO_sFM_cAll_d20_mHO3_ch11,gHO,sFM,cAll,d20,mHO3,ch11,125,[ 95.  75.  70. 129.  81.  83.  72.],[119. 127. 127. 117.  86. 118. 130.],86.43,117.71,102.07142857142857,70.0,127.0,127.0,81.0,119.0,106.0
gLH_sBM_cAll_d18_mLH5_ch07,gLH,sBM,cAll,d18,mLH5,ch07,130,[130. 131.],[128. 131.],130.5,129.5,130.0,130.0,128.0,131.0,130.5,129.5,130.5
gWA_sBM_cAll_d26_mWA5_ch03,gWA,sBM,cAll,d26,mWA5,ch03,130,[126.  87.],[121.  77.],106.5,99.0,102.75,87.0,77.0,77.0,106.5,99.0,104.0
gHO_sBM_cAll_d20_mHO5_ch08,gHO,sBM,cAll,d20,mHO5,ch08,135,[138. 106.],[134. 135.],122.0,134.5,128.25,106.0,134.0,106.0,122.0,134.5,134.5
gJB_sBM_cAll_d07_mJB1_ch04,gJB,sBM,cAll,d07,mJB1,ch04,90,[124.  73.  79.],[75. 96. 72.],92.0,81.0,86.5,73.0,72.0,72.0,79.0,75.0,77.0
