filename,dance_genre,situation,camera_id,dancer_id,music_id,choreo_id,music_tempo,estimated_bpm_per_window_x,estimated_bpm_per_window_y,bpm_avg_x,bpm_avg_y,bpm_avg_xy,bpm_mode_x,bpm_mode_y,bpm_mode_xy,bpm_median_x,bpm_median_y,bpm_median_xy
gKR_sBM_cAll_d28_mKR3_ch03,gKR,sBM,cAll,d28,mKR3,ch03,110,[105. 109. 109. 110. 111. 110. 112. 111. 109.],[109. 110. 110. 110. 111. 111. 110. 111. 109.],109.56,110.11,109.83333333333333,109.0,110.0,110.0,110.0,110.0,110.0
gHO_sBM_cAll_d20_mHO5_ch01,gHO,sBM,cAll,d20,mHO5,ch01,135,[ 79.  85. 100.  98. 144. 137. 129. 126.],[136. 141. 137. 134. 133. 136. 128. 122.],112.25,133.38,122.8125,79.0,136.0,136.0,113.0,135.0,131.0
gKR_sBM_cAll_d28_mKR2_ch03,gKR,sBM,cAll,d28,mKR2,ch03,100,[ 98.  94.  79.  79.  77. 114.  88.  71. 106.  99.],[ 96. 110. 144.  84.  72.  77.  80.  73.  79.  82.],90.5,89.7,90.1,79.0,72.0,79.0,91.0,81.0,83.0
gPO_sBM_cAll_d10_mPO3_ch03,gPO,sBM,cAll,d10,mPO3,ch03,110,[ 77.  73. 106.  99.  92.  89. 107. 101.  97.],[ 92. 102. 112. 117. 112. 102. 109. 106. 102.],93.44,106.0,99.72222222222223,73.0,102.0,102.0,97.0,106.0,102.0
gJS_sBM_cAll_d01_mJS3_ch03,gJS,sBM,cAll,d01,mJS3,ch03,110,[ 87.  82. 126.  80.  79.  77.  91.  93.  94.],[120. 118. 108.  76.  70. 124.  70.  92. 132.],89.89,101.11,95.5,77.0,70.0,70.0,87.0,108.0,91.5
gHO_sBM_cAll_d21_mHO5_ch10,gHO,sBM,cAll,d21,mHO5,ch10,135,[110. 117. 136. 135. 141.  70.  70.  72.],[131. 135. 134. 134. 136. 137. 139. 139.],106.38,135.62,121.0,70.0,134.0,70.0,113.5,135.5,134.5
gWA_sFM_cAll_d27_mWA1_ch16,gWA,sFM,cAll,d27,mWA1,ch16,90,"[144. 139. 127. 127.  85.  83. 144. 131. 144.  81.  84.  87.  70. 107.
  96. 144. 144. 144. 136.  84. 128. 132. 121. 111. 110. 107.  82.  79.
  83. 122. 123. 122.  83.  83. 127. 123. 133. 144.  72. 144. 144. 141.
  73.]","[ 94.  87. 136. 114.  86.  76. 136. 107. 110. 126. 144. 144. 122. 117.
  70. 114. 144.  71. 138. 144. 122. 144. 102.  96.  95. 104. 130. 133.
 129. 123.  78.  88.  81.  91.  90.  82.  93. 112.  78.  84.  86.  78.
  70.]",113.67,106.26,109.96511627906976,144.0,144.0,144.0,122.0,104.0,111.5
gBR_sBM_cAll_d06_mBR2_ch05,gBR,sBM,cAll,d06,mBR2,ch05,100,[100. 117. 144. 144. 144.  76.  72.  84. 122. 126.],[104.  97. 101. 103. 103. 104.  98.  99. 104. 110.],112.9,102.3,107.6,144.0,104.0,104.0,119.5,103.0,103.5
gMH_sBM_cAll_d23_mMH0_ch05,gMH,sBM,cAll,d23,mMH0,ch05,80,[119. 115. 107. 108. 144. 144. 144. 127. 144. 126. 119.  87.  80.],[101. 101. 144. 124. 144. 144. 144.  92. 144. 125.  82.  86.  89.],120.31,116.92,118.61538461538461,144.0,144.0,144.0,119.0,124.0,121.5
gLO_sBM_cAll_d14_mLO0_ch01,gLO,sBM,cAll,d14,mLO0,ch01,80,[ 89.  88.  89. 144. 125. 117. 135. 140.  73. 108. 121.  71. 133.],[133.  76. 115. 122. 144. 144. 144. 144. 140. 144. 104. 105. 116.],110.23,125.46,117.84615384615384,89.0,144.0,144.0,117.0,133.0,121.5
gHO_sBM_cAll_d20_mHO0_ch01,gHO,sBM,cAll,d20,mHO0,ch01,110,[ 73.  75.  83. 113. 110. 143. 138. 120. 112.],[ 92. 106. 113. 109. 114. 108. 112. 110. 102.],107.44,107.33,107.38888888888889,73.0,92.0,110.0,112.0,109.0,110.0
gLO_sBM_cAll_d13_mLO1_ch02,gLO,sBM,cAll,d13,mLO1,ch02,90,[134. 112. 109. 138. 139.  86.  84. 121. 111.  96.  95.],[121. 108. 104. 108.  72.  83.  90. 101. 104. 113.  70.],111.36,97.64,104.5,84.0,104.0,104.0,111.0,104.0,106.0
gPO_sBM_cAll_d12_mPO5_ch08,gPO,sBM,cAll,d12,mPO5,ch08,130,[121. 122. 124. 131. 137. 127. 132. 144.],[ 79. 135. 130. 136. 130. 121. 105. 102.],129.75,117.25,123.5,121.0,130.0,121.0,129.0,125.5,128.5
gKR_sBM_cAll_d30_mKR5_ch08,gKR,sBM,cAll,d30,mKR5,ch08,130,[ 99. 106.  70. 134.  98.  96. 144. 144.],[ 91.  95.  95.  99.  99.  97.  96. 103.],111.38,96.88,104.125,144.0,95.0,99.0,102.5,96.5,98.5
gBR_sBM_cAll_d06_mBR5_ch04,gBR,sBM,cAll,d06,mBR5,ch04,130,[112. 114.  92.  96.  99. 102.  86.  88.],[116. 124. 130. 136. 137. 130. 134. 140.],98.62,130.88,114.75,86.0,130.0,130.0,97.5,132.0,115.0
gJS_sBM_cAll_d01_mJS2_ch03,gJS,sBM,cAll,d01,mJS2,ch03,100,[ 83.  81.  73. 135. 132. 131. 137. 144.  92.  88.],[118. 127.  70. 118. 124. 132. 143.  80. 128. 116.],109.6,115.6,112.6,73.0,118.0,118.0,111.5,121.0,121.0
gBR_sBM_cAll_d04_mBR1_ch03,gBR,sBM,cAll,d04,mBR1,ch03,90,[ 92.  92.  91.  90.  90.  94.  91.  88.  90.  93. 140.],[92. 92. 91. 90. 91. 92. 92. 91. 90. 86. 81.],95.55,89.82,92.68181818181819,90.0,92.0,92.0,91.0,91.0,91.0
gJS_sBM_cAll_d02_mJS0_ch10,gJS,sBM,cAll,d02,mJS0,ch10,80,[116.  70.  78.  78.  85. 103. 110. 112.  74.  70. 144. 144.  82.],[126. 116.  97.  93. 142.  70.  70.  70. 144. 103.  87.  83.  84.],97.38,98.85,98.11538461538461,70.0,70.0,70.0,85.0,93.0,90.0
gLO_sBM_cAll_d15_mLO4_ch01,gLO,sBM,cAll,d15,mLO4,ch01,120,[119. 122. 122. 122. 116. 119. 106.  85.  75.],[118. 103.  96.  88.  79. 144. 114. 109. 108.],109.56,106.56,108.05555555555556,122.0,79.0,122.0,119.0,108.0,111.5
gPO_sBM_cAll_d10_mPO1_ch02,gPO,sBM,cAll,d10,mPO1,ch02,90,[ 76.  81. 104.  72.  78.  95.  70.  70.  94.  70. 120.],[103.  90. 144.  91.  91.  95.  93. 138.  88.  86.  85.],84.55,100.36,92.45454545454545,70.0,91.0,70.0,78.0,91.0,90.5
gJS_sBM_cAll_d02_mJS4_ch08,gJS,sBM,cAll,d02,mJS4,ch08,120,[ 93.  88.  89.  87. 144. 142. 144.  92.  82.],[129. 125. 119. 122. 120. 118. 119. 117. 116.],106.78,120.56,113.66666666666667,144.0,119.0,119.0,92.0,119.0,118.5
gBR_sBM_cAll_d05_mBR4_ch06,gBR,sBM,cAll,d05,mBR4,ch06,120,[ 75.  70.  95.  94.  92.  93.  89. 139. 138.],[122. 122. 128. 125. 121. 118. 124. 130. 123.],98.33,123.67,111.0,70.0,122.0,122.0,93.0,123.0,121.5
gJS_sBM_cAll_d02_mJS5_ch03,gJS,sBM,cAll,d02,mJS5,ch03,130,[124. 113. 114. 125. 116. 107. 118.  70.],[106. 105.  95.  85.  80.  84.  94. 140.],110.88,98.62,104.75,70.0,80.0,70.0,115.0,94.5,106.5
gBR_sBM_cAll_d06_mBR3_ch06,gBR,sBM,cAll,d06,mBR3,ch06,110,[ 70. 133. 142. 101. 108. 115. 107. 113. 113.],[95. 89. 84. 85. 83. 85. 80. 86. 83.],111.33,85.56,98.44444444444444,113.0,83.0,83.0,113.0,85.0,92.0
gBR_sBM_cAll_d04_mBR2_ch07,gBR,sBM,cAll,d04,mBR2,ch07,100,[88. 80. 75. 81. 78. 72. 79. 76. 73. 82.],[ 88.  88.  76.  81. 101. 102.  78.  73.  79.  84.],78.4,85.0,81.7,72.0,88.0,88.0,78.5,82.5,79.5
gPO_sBM_cAll_d11_mPO1_ch01,gPO,sBM,cAll,d11,mPO1,ch01,90,[ 96.  92. 142.  97.  88.  90.  97. 124. 144. 144.  72.],[105.  96.  92.  93.  92.  88. 139.  88.  91.  91.  89.],107.82,96.73,102.27272727272727,97.0,88.0,88.0,97.0,92.0,92.5
gBR_sBM_cAll_d04_mBR0_ch05,gBR,sBM,cAll,d04,mBR0,ch05,80,[ 70.  79.  85.  81.  80.  84.  70. 130. 144.  82. 117. 115.  97.],[ 81.  84.  80.  76.  87.  83. 111.  88.  75.  79.  86.  88.  92.],94.92,85.38,90.15384615384616,70.0,88.0,70.0,84.0,84.0,84.0
gKR_sBM_cAll_d30_mKR5_ch01,gKR,sBM,cAll,d30,mKR5,ch01,130,[144. 144. 144.  82. 102. 112.  93.  84.],[144. 144.  70.  70.  71. 110.  74.  92.],113.12,96.88,105.0,144.0,70.0,144.0,107.0,83.0,97.5
gMH_sBM_cAll_d22_mMH1_ch06,gMH,sBM,cAll,d22,mMH1,ch06,90,[138.  71.  74.  87.  96. 144.  77.  70. 119. 104. 100.],[ 79.  86.  89.  92.  90.  88. 132. 144.  93.  94.  81.],98.18,97.09,97.63636363636364,70.0,79.0,144.0,96.0,90.0,91.0
gJS_sBM_cAll_d03_mJS3_ch09,gJS,sBM,cAll,d03,mJS3,ch09,110,[ 77.  76.  71. 113. 116. 119. 118. 132.  82.],[115. 114. 124.  90.  91. 115. 122. 114. 102.],100.44,109.67,105.05555555555556,71.0,114.0,114.0,113.0,114.0,114.0
gHO_sBM_cAll_d21_mHO2_ch08,gHO,sBM,cAll,d21,mHO2,ch08,120,[105.  94.  92.  92.  92.  89.  89.  94.  88.],[119. 117. 122. 120. 122. 120. 120. 122. 103.],92.78,118.33,105.55555555555556,92.0,120.0,92.0,92.0,120.0,104.0
gJB_sFM_cAll_d09_mJB0_ch15,gJB,sFM,cAll,d09,mJB0,ch15,80,"[141. 144. 144.  76.  79.  82.  70.  70. 113.  98.  91. 144. 142. 135.
  74.  91.  93.  91.  76.  82.  93. 100. 110. 119.  90.  88.  80.  90.
  88. 121. 141. 144. 144. 121. 104. 140. 115.  84.  85.  80.  70.  70.
 144. 114.  80.  88.  83.  81.]","[ 72.  96. 144.  79.  88. 122. 122. 121. 144. 101.  96. 100. 144. 144.
 144. 144. 123. 125. 126. 121. 108. 105. 144. 136. 124. 112.  93.  79.
  70. 144. 144.  80.  82.  88.  88.  89.  93. 107.  70.  87.  90.  98.
 103.  93.  98. 100.  93.  96.]",102.15,107.71,104.92708333333333,144.0,144.0,144.0,91.0,100.5,98.0
gLO_sBM_cAll_d15_mLO4_ch09,gLO,sBM,cAll,d15,mLO4,ch09,120,[92. 93. 90. 84. 85. 90. 94. 98. 99.],[ 81.  91.  92.  84. 144.  90. 101. 117. 121.],91.67,102.33,97.0,90.0,81.0,90.0,92.0,92.0,92.0
gWA_sFM_cAll_d25_mWA0_ch01,gWA,sFM,cAll,d25,mWA0,ch01,80,"[144. 144.  91. 144. 104.  75.  80.  77. 122.  83. 114. 121. 122. 119.
 111.  92. 101. 110.  89. 108. 114. 144. 144.  75.  90. 135.  91.  95.
  96.  90. 144.  72. 123. 122.  81.  99.  97. 100. 112. 106.  89. 144.
 115. 104.  98. 114. 102.  97.]","[ 95. 144. 144.  76. 134. 144.  82.  84. 126. 132. 132. 102. 102. 115.
 123. 126. 115.  70. 144. 141. 123.  92. 144. 106. 113. 117.  96.  78.
 144. 119. 118. 116. 124. 132. 138. 144.  70.  99.  94. 144. 121. 112.
 116.  92. 144. 144. 104. 104.]",107.17,116.23,111.69791666666667,144.0,144.0,144.0,104.0,117.5,112.5
gWA_sBM_cAll_d27_mWA5_ch01,gWA,sBM,cAll,d27,mWA5,ch01,130,[ 96.  94.  84. 134. 126. 114. 101. 101.],[ 90.  87.  87. 144. 128. 144. 136. 130.],106.25,118.25,112.25,101.0,87.0,87.0,101.0,129.0,107.5
gWA_sBM_cAll_d25_mWA0_ch03,gWA,sBM,cAll,d25,mWA0,ch03,80,[119. 116. 129. 136. 140.  82.  78.  80.  85.  81.  97.  97. 101.],[ 82. 144. 144. 126. 123.  93.  97. 116. 131. 130. 118. 129. 141.],103.15,121.08,112.11538461538461,97.0,144.0,97.0,97.0,126.0,117.0
gLH_sFM_cAll_d16_mLH5_ch06,gLH,sFM,cAll,d16,mLH5,ch06,130,"[132. 133.  98. 109.  70. 104.  93.  73.  81.  89.  87. 144. 107. 124.
 127. 120.  70. 123. 122.  85.  87.  92. 109. 123.  94. 107. 110. 102.
 113. 117.]","[ 95. 113. 129. 125. 116. 144.  86. 101. 118. 126. 120. 107. 144. 135.
 126. 128.  95.  85.  82.  91. 105.  87.  76. 144.  96.  87.  88.  97.
 108. 120.]",104.83,109.13,106.98333333333333,70.0,144.0,87.0,107.0,107.5,107.0
gBR_sBM_cAll_d04_mBR1_ch06,gBR,sBM,cAll,d04,mBR1,ch06,90,[121. 106.  89.  92.  87.  83.  96.  86.  96.  96. 144.],[108.  98.  87.  95.  90.  86.  90.  93.  91.  82.  70.],99.64,90.0,94.81818181818181,96.0,90.0,96.0,96.0,90.0,91.5
gLH_sBM_cAll_d16_mLH0_ch03,gLH,sBM,cAll,d16,mLH0,ch03,80,[ 89.  88.  83.  90. 116.  73.  82.  81.  75.  79.  87.  83.  84.],[ 81. 137.  85.  70. 103. 108. 112.  91.  81.  75. 123.  82.  72.],85.38,93.85,89.61538461538461,83.0,81.0,81.0,83.0,85.0,83.5
gMH_sBM_cAll_d23_mMH5_ch10,gMH,sBM,cAll,d23,mMH5,ch10,130,[112. 116. 119. 119. 119. 120. 116. 114.],[108. 114. 120. 117. 119. 119. 121. 124.],116.88,117.75,117.3125,119.0,119.0,119.0,117.5,119.0,119.0
gKR_sFM_cAll_d28_mKR2_ch03,gKR,sFM,cAll,d28,mKR2,ch03,100,"[114.  70. 143. 132. 112. 125. 124. 115. 103.  90. 113. 115. 116. 121.
 120.  70.  87.  85.  75.  71.  70.  89. 144. 142. 111. 110.  96.  96.
 100. 102. 102. 144. 144. 135.  77.  89.  88.  73. 111.]","[ 90. 111. 115. 128. 132. 129.  89. 103. 112. 107.  89.  82.  89. 144.
  87. 100.  93. 143. 139.  83.  70. 110. 108. 144.  82.  92. 144. 100.
 100.  95.  91.  93. 136. 124. 120. 124. 144. 144. 141.]",105.74,110.95,108.34615384615384,70.0,144.0,144.0,110.0,108.0,109.0
gPO_sBM_cAll_d10_mPO2_ch05,gPO,sBM,cAll,d10,mPO2,ch05,100,[124. 102. 100.  70.  75. 113.  87.  73.  70. 129.],[ 72.  83. 104. 143. 133. 124. 119. 112.  92. 137.],94.3,111.9,103.1,70.0,72.0,70.0,93.5,115.5,103.0
gWA_sBM_cAll_d26_mWA5_ch01,gWA,sBM,cAll,d26,mWA5,ch01,130,[ 85. 137. 137.  80.  87. 134. 124. 101.],[120. 113. 105.  71. 134. 137. 138.  86.],110.62,113.0,111.8125,137.0,71.0,137.0,112.5,116.5,116.5
gLO_sBM_cAll_d14_mLO4_ch10,gLO,sBM,cAll,d14,mLO4,ch10,120,[114. 117. 113. 124. 131. 123. 119. 108. 105.],[120. 117. 114. 120. 127. 126. 115. 111. 144.],117.11,121.56,119.33333333333333,105.0,120.0,114.0,117.0,120.0,118.0
gLH_sBM_cAll_d18_mLH3_ch03,gLH,sBM,cAll,d18,mLH3,ch03,110,[109. 110. 113. 111. 144. 144. 144.  78.  77.],[133. 114. 114. 140. 137.  76.  93. 109.  70.],114.44,109.56,112.0,144.0,114.0,144.0,111.0,114.0,112.0
gJS_sBM_cAll_d03_mJS4_ch04,gJS,sBM,cAll,d03,mJS4,ch04,120,[ 85. 144. 140. 124.  80.  82.  74.  76.  90.],[ 92. 137.  70.  74.  77.  71.  70.  70. 124.],99.44,87.22,93.33333333333333,74.0,70.0,70.0,85.0,74.0,81.0
gBR_sFM_cAll_d06_mBR4_ch18,gBR,sFM,cAll,d06,mBR4,ch18,120,"[ 70.  70. 133.  96. 100. 116. 107.  90. 119. 119. 122. 144.  96.  83.
  91.  89.  75.  76.  95.  94.  96.  96.  93. 115. 122. 133.  79. 139.
 131. 121.  91.  81.]","[126. 122. 123. 122. 115. 118. 123. 121. 117. 119. 121. 123. 110.  94.
  94. 141. 100. 144. 131. 115. 115. 141. 144. 144. 124. 128. 123. 112.
 114. 123. 118. 107.]",102.56,121.0,111.78125,96.0,123.0,123.0,96.0,121.5,116.5
gPO_sBM_cAll_d10_mPO0_ch01,gPO,sBM,cAll,d10,mPO0,ch01,80,[ 77.  81.  74.  70.  82.  79.  81.  81.  77.  86.  84. 144. 144.],[72. 76. 74. 74. 79. 85. 81. 80. 84. 79. 77. 81. 79.],89.23,78.54,83.88461538461539,81.0,79.0,81.0,81.0,79.0,79.5
gLO_sBM_cAll_d14_mLO0_ch02,gLO,sBM,cAll,d14,mLO0,ch02,80,[113. 118. 114. 116. 119. 110. 104. 144. 144. 144. 144.  98. 114.],[ 73. 127.  71.  79.  78. 111.  93.  87.  79. 137. 131.  84.  95.],121.69,95.77,108.73076923076923,144.0,79.0,144.0,116.0,87.0,112.0
gBR_sBM_cAll_d05_mBR4_ch01,gBR,sBM,cAll,d05,mBR4,ch01,120,[138. 133. 124. 121. 120. 122. 118.  70.  73.],[130. 130. 125. 120. 122. 120. 122. 114.  97.],113.22,120.0,116.61111111111111,70.0,120.0,120.0,121.0,122.0,121.5
gLH_sBM_cAll_d17_mLH5_ch02,gLH,sBM,cAll,d17,mLH5,ch02,130,[129. 127. 128. 134. 132. 128. 130. 129.],[119. 125. 126. 138. 142.  70. 144. 144.],129.62,126.0,127.8125,128.0,144.0,128.0,129.0,132.0,129.0
gLO_sBM_cAll_d15_mLO4_ch08,gLO,sBM,cAll,d15,mLO4,ch08,120,[104. 120. 118. 112. 122. 121. 119. 108. 108.],[109. 122. 118. 119. 119. 120. 120. 112. 114.],114.67,117.0,115.83333333333333,108.0,119.0,119.0,118.0,119.0,118.5
gLH_sBM_cAll_d17_mLH1_ch09,gLH,sBM,cAll,d17,mLH1,ch09,90,[110. 112. 109. 112. 124. 116. 110. 103. 103. 127. 137.],[ 80.  84.  97.  98. 113. 118. 127.  98.  92.  86.  87.],114.82,98.18,106.5,103.0,98.0,98.0,112.0,97.0,109.5
gPO_sBM_cAll_d10_mPO1_ch03,gPO,sBM,cAll,d10,mPO1,ch03,90,[114. 116. 100.  87.  88. 120. 115. 104.  87.  81.  84.],[141.  70.  99.  73.  70.  72.  88.  96.  84. 115. 106.],99.64,92.18,95.9090909090909,87.0,70.0,70.0,100.0,88.0,92.0
gJB_sBM_cAll_d08_mJB4_ch07,gJB,sBM,cAll,d08,mJB4,ch07,120,[118. 125. 134.  80.  88. 107. 123. 127. 130.],[144. 144. 144. 144. 144. 144. 144.  92.  80.],114.67,131.11,122.88888888888889,80.0,144.0,144.0,123.0,144.0,128.5
gPO_sFM_cAll_d11_mPO0_ch08,gPO,sFM,cAll,d11,mPO0,ch08,80,"[129. 125.  70.  74.  79. 144. 124.  79.  96.  89. 101. 108. 108. 118.
 120. 102.  94.  89.  85. 125. 113. 107. 105. 107. 119. 122.  96. 102.
 144.  82.  88. 141. 144.  74.  71.  73.  78.  82.  82.  78. 128. 133.
 137. 132. 119. 105. 112. 106.]","[ 75.  70.  70.  70. 106. 114. 117. 112. 118.  70. 137. 143.  70. 103.
  70. 127. 125. 121. 119.  95. 144. 144.  84.  89.  95. 102. 109. 113.
  78.  90.  95.  81.  93. 102.  70.  70. 124. 112. 113. 123. 144. 109.
 115. 123. 112. 102. 100.  97.]",104.98,103.44,104.20833333333333,82.0,70.0,70.0,105.5,104.5,105.5
gLO_sFM_cAll_d15_mLO5_ch20,gLO,sFM,cAll,d15,mLO5,ch20,130,"[136. 132. 132. 119. 110. 110. 117. 129. 140.  96. 103. 114. 108. 104.
  89.  94.  88.  72.  71. 144. 144. 105. 123.  91.  98.  98. 120. 127.
 120. 114.]","[ 87.  95. 115. 116. 110. 135. 144.  99. 128. 136. 135. 144. 144. 141.
 112. 104.  86.  70.  70.  70. 101. 100. 116. 128. 133. 137. 120. 108.
 144. 144.]",111.6,115.73,113.66666666666667,98.0,144.0,144.0,112.0,116.0,114.5
gBR_sBM_cAll_d04_mBR2_ch01,gBR,sBM,cAll,d04,mBR2,ch01,100,[72. 75. 77. 74. 78. 74. 74. 76. 73. 74.],[102. 101. 101. 101. 100. 101. 101. 100.  97.  91.],74.7,99.5,87.1,74.0,101.0,101.0,74.0,101.0,84.5
gMH_sBM_cAll_d22_mMH2_ch06,gMH,sBM,cAll,d22,mMH2,ch06,100,[ 77.  73.  70.  70.  71.  80. 109. 126. 120. 112.],[ 90.  94. 102. 104. 102. 101. 102.  99. 100.  99.],90.8,99.3,95.05,70.0,102.0,102.0,78.5,100.5,99.5
gJS_sBM_cAll_d03_mJS5_ch01,gJS,sBM,cAll,d03,mJS5,ch01,130,[ 97.  93. 133. 124. 144. 144.  97.  91.],[140. 143.  73.  72.  76. 114. 105.  96.],115.38,102.38,108.875,97.0,72.0,97.0,110.5,100.5,101.0
gLO_sBM_cAll_d14_mLO4_ch01,gLO,sBM,cAll,d14,mLO4,ch01,120,[ 72.  70. 127.  79. 100. 125. 120. 107. 114.],[118. 119. 115. 144. 130. 126. 119. 114. 112.],101.56,121.89,111.72222222222223,70.0,119.0,114.0,107.0,119.0,116.5
gJB_sBM_cAll_d08_mJB4_ch09,gJB,sBM,cAll,d08,mJB4,ch09,120,[ 73. 144. 144. 103.  98.  88.  87.  70. 118.],[120. 120. 115. 114. 122. 119. 106. 101. 108.],102.78,113.89,108.33333333333333,144.0,120.0,120.0,98.0,115.0,111.0
gMH_sBM_cAll_d23_mMH4_ch06,gMH,sBM,cAll,d23,mMH4,ch06,120,[ 82. 144. 124.  73.  91.  89.  75. 117. 121.],[119. 126. 125. 117. 117. 120. 118. 116. 118.],101.78,119.56,110.66666666666667,73.0,117.0,117.0,91.0,118.0,117.5
gLO_sBM_cAll_d13_mLO1_ch05,gLO,sBM,cAll,d13,mLO1,ch05,90,[97. 91. 88. 91. 88. 88. 93. 93. 90. 85. 86.],[90. 88. 88. 91. 88. 90. 92. 87. 91. 90. 85.],90.0,89.09,89.54545454545455,88.0,88.0,88.0,90.0,90.0,90.0
gJB_sBM_cAll_d07_mJB2_ch01,gJB,sBM,cAll,d07,mJB2,ch01,100,[108. 109. 113. 113. 108. 107. 107. 108. 105. 101.],[118. 113. 103. 100. 113.  78.  82.  99. 100.  91.],107.9,99.7,103.8,108.0,100.0,113.0,108.0,100.0,107.0
gJS_sBM_cAll_d02_mJS4_ch05,gJS,sBM,cAll,d02,mJS4,ch05,120,[ 92.  92.  95. 144. 144. 136. 144. 110. 120.],[ 77.  83.  98. 112. 111. 124. 124. 112. 109.],119.67,105.56,112.61111111111111,144.0,112.0,144.0,120.0,111.0,111.5
gHO_sFM_cAll_d19_mHO4_ch05,gHO,sFM,cAll,d19,mHO4,ch05,130,"[129.  72.  85.  84.  87.  92.  80.  95. 123. 121.  95. 138. 135.  85.
  99. 111. 111.  88.  97.  97. 134. 122. 117. 126. 126. 141. 144. 130.
 136.  75.]","[133. 129. 131. 130. 128. 126. 127.  92. 124. 132.  99. 125. 129. 130.
 136.  90. 131. 126. 128. 137. 131. 129. 126. 129. 130. 132. 127. 130.
 127. 126.]",109.17,125.67,117.41666666666667,85.0,126.0,126.0,111.0,129.0,126.0
gKR_sBM_cAll_d28_mKR2_ch02,gKR,sBM,cAll,d28,mKR2,ch02,100,[106. 100. 144. 102. 144. 144. 144. 144. 143. 131.],[ 83.  91. 100. 102. 108. 144.  92. 100. 100.  90.],130.2,101.0,115.6,144.0,100.0,144.0,143.5,100.0,104.0
gLO_sBM_cAll_d13_mLO2_ch10,gLO,sBM,cAll,d13,mLO2,ch10,100,[ 83.  98. 117. 128. 117. 131.  98. 106.  90.  90.],[129.  70.  78.  73. 105.  94. 103.  96. 101. 114.],105.8,96.3,101.05,90.0,70.0,90.0,102.0,98.5,99.5
gJB_sBM_cAll_d09_mJB2_ch09,gJB,sBM,cAll,d09,mJB2,ch09,100,[ 70.  73.  80.  90.  92. 101. 133.  72.  86.  89.],[ 72.  75.  90.  96.  99.  70. 127. 113. 102.  91.],88.6,93.5,91.05,70.0,70.0,70.0,87.5,93.5,90.0
gLO_sBM_cAll_d15_mLO5_ch06,gLO,sBM,cAll,d15,mLO5,ch06,130,[144.  97.  98.  96.  98.  97. 100. 144.],[101.  95.  95.  96.  96.  94.  70. 117.],109.25,95.5,102.375,97.0,95.0,96.0,98.0,95.5,97.0
gLO_sBM_cAll_d15_mLO3_ch04,gLO,sBM,cAll,d15,mLO3,ch04,110,[144. 136.  95. 119. 136. 136.  77. 104. 117.],[129. 124.  70. 104. 108.  70.  70.  70. 111.],118.22,95.11,106.66666666666667,136.0,70.0,70.0,119.0,104.0,109.5
gKR_sBM_cAll_d28_mKR0_ch02,gKR,sBM,cAll,d28,mKR0,ch02,80,[123. 120. 120. 128. 119. 116. 122. 125. 112.  96.  74.  70.  82.],[130. 123. 120. 120. 116. 118. 123. 121. 123. 125. 121. 107.  86.],108.23,117.92,113.07692307692308,120.0,123.0,120.0,119.0,121.0,120.0
gKR_sBM_cAll_d28_mKR2_ch09,gKR,sBM,cAll,d28,mKR2,ch09,100,[ 77.  73.  75.  75.  71.  77.  74.  73.  73. 136.],[102.  99.  99. 100. 100.  99.  99. 100.  97.  94.],80.4,98.9,89.65,73.0,99.0,99.0,74.5,99.0,95.5
gHO_sBM_cAll_d21_mHO4_ch02,gHO,sBM,cAll,d21,mHO4,ch02,130,[120. 126.  70. 131. 128. 129.  70. 141.],[123. 126. 127. 127. 128. 130. 144.  84.],114.38,123.62,119.0,70.0,127.0,70.0,127.0,127.0,127.0
gJB_sBM_cAll_d08_mJB1_ch10,gJB,sBM,cAll,d08,mJB1,ch10,90,[144. 109. 105. 116. 122. 107. 108. 104. 115. 105. 141.],[136. 144.  81.  73.  90.  92.  98.  82.  75.  84.  91.],116.0,95.09,105.54545454545455,105.0,73.0,105.0,109.0,90.0,105.0
gKR_sBM_cAll_d30_mKR4_ch04,gKR,sBM,cAll,d30,mKR4,ch04,120,[119. 123.  87.  91.  92.  92. 101. 101.  94.],[ 73.  70. 125. 118. 109.  70. 124. 122. 122.],100.0,103.67,101.83333333333333,92.0,70.0,70.0,94.0,118.0,101.0
gPO_sBM_cAll_d12_mPO5_ch10,gPO,sBM,cAll,d12,mPO5,ch10,130,[126. 122. 126. 140. 129. 122. 134. 141.],[142. 118. 109. 111. 122. 114. 106. 107.],130.0,116.12,123.0625,122.0,106.0,122.0,127.5,112.5,122.0
gLO_sBM_cAll_d13_mLO3_ch06,gLO,sBM,cAll,d13,mLO3,ch06,110,[113. 117. 111. 113. 108. 110. 110. 109. 122.],[77. 80. 84. 83. 81. 79. 86. 82. 77.],112.56,81.0,96.77777777777777,110.0,77.0,77.0,111.0,81.0,97.0
gLH_sBM_cAll_d16_mLH2_ch06,gLH,sBM,cAll,d16,mLH2,ch06,100,[137. 136. 134. 130. 119. 116. 118. 126.  85. 106.],[109. 103.  99. 106. 100.  96.  99. 102.  97.  86.],120.7,99.7,110.2,85.0,99.0,99.0,122.5,99.5,106.0
gLH_sBM_cAll_d16_mLH1_ch10,gLH,sBM,cAll,d16,mLH1,ch10,90,[ 85.  94. 111.  74. 143. 127. 144. 108. 127. 134. 126.],[ 95.  96.  92.  89.  90.  90. 101. 123.  87.  96. 137.],115.73,99.64,107.68181818181819,127.0,90.0,90.0,126.0,95.0,98.5
gBR_sBM_cAll_d04_mBR1_ch01,gBR,sBM,cAll,d04,mBR1,ch01,90,[133. 131.  70.  70. 134.  70.  70.  70.  70. 133. 130.],[91. 91. 90. 91. 91. 90. 90. 90. 90. 87. 78.],98.27,89.0,93.63636363636364,70.0,90.0,70.0,70.0,90.0,90.0
gWA_sFM_cAll_d27_mWA0_ch15,gWA,sFM,cAll,d27,mWA0,ch15,80,"[ 72. 144. 110. 110. 112. 106. 112. 111. 112. 108. 122. 144.  91.  70.
 114. 115.  77.  77.  71. 141.  79.  78.  80.  79.  74.  73. 128. 130.
 122. 100. 141. 117. 114. 106.  98. 144.  86. 144. 112. 104. 116.  86.
 105. 125. 122.  79.  82.  88.]","[135.  91.  96. 144. 144. 123. 124.  82.  83. 144.  99.  93. 144.  82.
  72. 134. 137. 143.  87. 140. 128. 116. 115. 130. 138.  96.  96. 111.
 107. 120. 128.  88.  90.  89.  98.  94.  70.  70.  96.  86.  80.  80.
  91. 106. 109. 114. 144.  71.]",104.81,107.46,106.13541666666667,112.0,144.0,144.0,109.0,102.5,106.5
gLH_sBM_cAll_d18_mLH5_ch06,gLH,sBM,cAll,d18,mLH5,ch06,130,[108. 101. 101. 112.  79.  71.  74. 127.],[133. 130. 123. 118. 134.  98. 111. 116.],96.62,120.38,108.5,101.0,98.0,101.0,101.0,120.5,111.5
gHO_sBM_cAll_d21_mHO3_ch09,gHO,sBM,cAll,d21,mHO3,ch09,125,[124. 127. 126. 121. 125. 129. 126. 126.],[119. 123. 126. 124. 125. 126. 128. 128.],125.5,124.88,125.1875,126.0,126.0,126.0,126.0,125.5,126.0
gJB_sBM_cAll_d08_mJB1_ch05,gJB,sBM,cAll,d08,mJB1,ch05,90,[ 73.  76.  72. 117.  70.  79.  79.  92.  91. 144. 144.],[ 78.  75.  72. 138. 137.  70.  72.  72.  70. 131.  90.],94.27,91.36,92.81818181818181,79.0,72.0,72.0,79.0,75.0,78.5
gHO_sBM_cAll_d20_mHO1_ch04,gHO,sBM,cAll,d20,mHO1,ch04,115,[ 71. 120. 118. 115.  70.  86.  88.  70. 116.],[118. 117. 117. 115. 114. 114. 117. 115. 114.],94.89,115.67,105.27777777777777,70.0,114.0,114.0,88.0,115.0,115.0
gLH_sBM_cAll_d16_mLH3_ch06,gLH,sBM,cAll,d16,mLH3,ch06,110,[124. 122. 112. 109. 113. 126. 131. 131. 120.],[114. 113. 111. 109. 110. 107.  94.  77.  74.],120.89,101.0,110.94444444444444,131.0,74.0,109.0,122.0,109.0,112.5
gWA_sBM_cAll_d26_mWA4_ch09,gWA,sBM,cAll,d26,mWA4,ch09,120,[144. 136.  84.  80.  75.  79.  86. 142. 144.],[141.  70. 115. 118. 127. 123. 126.  70.  70.],107.78,106.67,107.22222222222223,144.0,70.0,70.0,86.0,118.0,116.5
gMH_sBM_cAll_d23_mMH0_ch08,gMH,sBM,cAll,d23,mMH0,ch08,80,[124. 127. 144.  81.  81. 144. 143.  76.  85.  85.  98. 116. 120.],[ 92.  83.  79.  79.  82.  80.  77.  81. 100. 144.  88.  76.  70.],109.54,87.0,98.26923076923077,81.0,79.0,81.0,116.0,81.0,85.0
gLO_sBM_cAll_d14_mLO0_ch03,gLO,sBM,cAll,d14,mLO0,ch03,80,[ 97.  94.  85. 120. 119. 119. 116.  97.  70. 126. 107. 103. 112.],[133. 135. 144.  83.  76. 117.  85.  78. 124. 120. 106. 144. 144.],105.0,114.54,109.76923076923077,97.0,144.0,144.0,107.0,120.0,114.0
gBR_sBM_cAll_d05_mBR0_ch05,gBR,sBM,cAll,d05,mBR0,ch05,80,[ 82.  75.  70.  70.  89.  91. 121. 118. 123. 120. 115. 117. 118.],[144. 143. 143.  78.  89.  80.  78.  83.  78.  81.  82.  76.  72.],100.69,94.38,97.53846153846153,70.0,78.0,78.0,115.0,81.0,86.0
gPO_sBM_cAll_d12_mPO2_ch04,gPO,sBM,cAll,d12,mPO2,ch04,100,[134. 121.  84.  89.  87.  80.  88. 101. 103. 127.],[ 78. 144.  99.  99.  96. 104. 103. 101. 108. 120.],101.4,105.2,103.3,80.0,99.0,99.0,95.0,102.0,101.0
gLH_sBM_cAll_d18_mLH2_ch03,gLH,sBM,cAll,d18,mLH2,ch03,100,[ 79.  71.  76.  78.  75.  83.  75.  78.  92. 102.],[104. 104. 104. 101. 105. 104.  88.  75.  70. 101.],80.9,95.6,88.25,75.0,104.0,104.0,78.0,102.5,85.5
gKR_sBM_cAll_d29_mKR1_ch02,gKR,sBM,cAll,d29,mKR1,ch02,90,[ 95.  83. 122. 101. 108. 129.  94. 104. 104.  98.  81.],[93. 93. 91. 92. 92. 88. 94. 93. 88. 88. 82.],101.73,90.36,96.04545454545455,104.0,88.0,88.0,101.0,92.0,93.0
gJB_sBM_cAll_d09_mJB2_ch01,gJB,sBM,cAll,d09,mJB2,ch01,100,[103.  96.  90. 104. 108.  98.  81.  77.  70. 120.],[144.  96.  87.  90. 136.  93.  87.  76. 144. 102.],94.7,105.5,100.1,70.0,87.0,87.0,97.0,94.5,96.0
gMH_sFM_cAll_d23_mMH2_ch10,gMH,sFM,cAll,d23,mMH2,ch10,100,"[109. 109. 103.  89.  82.  81.  84.  80.  71.  72.  70. 144. 129. 120.
 110. 112. 120. 127.  85. 133. 107. 144.  85.  87. 138. 128.  70.  95.
 108. 110.  96.  98.  92.  88.  96. 107.  73.  72. 127.]","[ 94.  97. 103. 107. 113. 120. 124. 113. 101. 114. 121. 110.  96.  99.
 106. 105. 108. 100.  98. 102. 103. 102. 101.  92.  82.  80. 109.  99.
  96.  90.  92.  87.  82. 105. 100.  99. 101. 141. 135.]",101.31,103.26,102.28205128205128,70.0,99.0,96.0,98.0,101.0,101.0
gLH_sFM_cAll_d16_mLH0_ch01,gLH,sFM,cAll,d16,mLH0,ch01,80,"[ 83.  85. 130. 137. 144. 144. 109. 140. 144.  94.  89.  93. 103. 119.
 144.  86.  83.  94.  89.  79.  70.  74.  79. 141.  71.  75. 116. 106.
 101. 101.  94.  92. 124. 124. 124. 144.  74. 128. 114. 118. 139. 100.
 116. 109. 101.  91.  75. 144.]","[141.  80.  89. 144. 144. 144. 127. 126.  95. 144. 144.  73.  82.  89.
  95.  97.  74.  80.  95. 110. 125. 131. 134.  70. 144.  70.  98.  98.
  92.  97.  99.  88.  90. 102.  93.  75.  76.  77. 142. 137. 133.  88.
  85.  79. 142. 121. 120.  78.]",106.96,105.35,106.15625,144.0,144.0,144.0,102.0,97.0,99.5
gKR_sBM_cAll_d30_mKR4_ch07,gKR,sBM,cAll,d30,mKR4,ch07,120,[143. 129. 110. 120.  85. 128. 124. 130. 127.],[118. 119. 119. 119. 111.  70. 144. 144.  73.],121.78,113.0,117.38888888888889,85.0,119.0,119.0,127.0,119.0,119.5
gKR_sBM_cAll_d29_mKR5_ch08,gKR,sBM,cAll,d29,mKR5,ch08,130,[124. 114. 123. 138. 129. 120. 116. 107.],[ 71.  80.  87.  99. 102.  91.  95. 144.],121.38,96.12,108.75,107.0,71.0,71.0,121.5,93.0,110.5
gJS_sBM_cAll_d02_mJS4_ch06,gJS,sBM,cAll,d02,mJS4,ch06,120,[136.  72.  84. 100. 100. 106. 117. 124. 129.],[ 75. 144. 138. 135. 101. 102. 144. 112. 112.],107.56,118.11,112.83333333333333,100.0,112.0,100.0,106.0,112.0,112.0
gLH_sBM_cAll_d16_mLH3_ch08,gLH,sBM,cAll,d16,mLH3,ch08,110,[ 92.  99.  87. 129. 134. 135. 138. 102. 116.],[ 86.  87.  85. 144.  70. 106. 140. 144. 100.],114.67,106.89,110.77777777777777,87.0,144.0,87.0,116.0,100.0,104.0
gPO_sBM_cAll_d12_mPO2_ch06,gPO,sBM,cAll,d12,mPO2,ch06,100,[ 73.  70. 129.  87.  85.  70. 105. 144.  91. 101.],[144. 144. 144. 144. 144. 107.  99.  96. 101.  88.],95.5,121.1,108.3,70.0,144.0,144.0,89.0,125.5,101.0
gWA_sFM_cAll_d26_mWA1_ch09,gWA,sFM,cAll,d26,mWA1,ch09,90,"[ 82.  73.  70. 109.  85. 133.  99.  95. 143. 144.  70.  81.  95. 122.
  81. 102. 112. 113. 100.  86.  82.  86. 144. 143.  70. 127. 101. 102.
 132. 139.  90.  88.  89.  89.  87. 131. 135. 143. 144.  70.  70. 129.
 129.]","[144. 121.  94.  94.  88.  87.  92.  91.  91.  95. 102. 144.  84.  91.
  88. 107.  70.  97. 111. 108. 104. 117. 125. 114. 117. 115. 119. 101.
  98. 105. 114.  86.  90. 144. 144. 138. 137.  91. 144. 144.  90. 104.
  92.]",105.0,107.72,106.36046511627907,70.0,144.0,144.0,100.0,104.0,101.5
gPO_sBM_cAll_d12_mPO5_ch02,gPO,sBM,cAll,d12,mPO5,ch02,130,[ 87.  90.  88. 105. 100.  91.  81.  75.],[120. 135. 136. 130. 129. 133. 128. 114.],89.62,128.12,108.875,75.0,114.0,75.0,89.0,129.5,109.5
gWA_sBM_cAll_d25_mWA1_ch03,gWA,sBM,cAll,d25,mWA1,ch03,90,[144. 144. 144. 139. 142. 144. 105.  91.  87. 101. 106.],[120. 131. 140. 108. 105.  91. 130. 126.  89.  88.  82.],122.45,110.0,116.22727272727273,144.0,82.0,144.0,139.0,108.0,114.0
gLH_sBM_cAll_d17_mLH4_ch05,gLH,sBM,cAll,d17,mLH4,ch05,120,[112. 124. 121. 114. 121. 125. 119.  70.  82.],[98. 93. 90. 86. 89. 91. 92. 95. 90.],109.78,91.56,100.66666666666667,121.0,90.0,90.0,119.0,91.0,94.0
gLO_sBM_cAll_d13_mLO0_ch06,gLO,sBM,cAll,d13,mLO0,ch06,80,[131. 117. 114. 137. 144. 132. 131.  89. 106. 108.  89.  92. 105.],[144. 109.  70. 137. 144. 136. 130. 112. 114. 120. 114. 144. 144.],115.0,124.46,119.73076923076923,89.0,144.0,144.0,114.0,130.0,118.5
gPO_sBM_cAll_d11_mPO4_ch03,gPO,sBM,cAll,d11,mPO4,ch03,120,[101. 111. 127. 127. 117. 115. 122. 119. 115.],[108. 115. 124. 128. 118. 115. 119. 118. 108.],117.11,117.0,117.05555555555556,115.0,108.0,115.0,117.0,118.0,117.5
gJB_sBM_cAll_d08_mJB5_ch06,gJB,sBM,cAll,d08,mJB5,ch06,130,[118. 129. 142.  93.  89. 124.  86.  86.],[ 77.  75.  97.  70. 122.  70.  70.  70.],108.38,81.38,94.875,86.0,70.0,70.0,105.5,72.5,87.5
gWA_sBM_cAll_d26_mWA0_ch06,gWA,sBM,cAll,d26,mWA0,ch06,80,[126. 127. 127. 130. 130.  88.  90.  86.  86.  83. 144. 140. 138.],[ 90. 104. 118. 117. 126.  93.  82. 137. 129. 125. 114. 113. 114.],115.0,112.46,113.73076923076923,86.0,114.0,86.0,127.0,114.0,117.5
gJS_sBM_cAll_d02_mJS1_ch07,gJS,sBM,cAll,d02,mJS1,ch07,90,[126.  73.  79. 142. 144.  99.  70.  79.  87.  86.  84.],[136.  70.  70.  70.  77. 142. 129. 131. 129. 128. 119.],97.18,109.18,103.18181818181819,79.0,70.0,70.0,86.0,128.0,93.0
gKR_sBM_cAll_d28_mKR3_ch08,gKR,sBM,cAll,d28,mKR3,ch08,110,[131. 131. 139. 125. 117. 106. 115. 100.  70.],[107. 110. 110. 104. 113.  81.  78.  87.  92.],114.89,98.0,106.44444444444444,131.0,110.0,110.0,117.0,104.0,108.5
gJB_sBM_cAll_d07_mJB2_ch07,gJB,sBM,cAll,d07,mJB2,ch07,100,[112.  98.  87.  96. 112. 113.  88.  78. 100.  97.],[120. 115.  84.  89. 102.  99. 108. 121. 123.  81.],98.1,104.2,101.15,112.0,81.0,112.0,97.5,105.0,99.5
gJS_sBM_cAll_d01_mJS0_ch04,gJS,sBM,cAll,d01,mJS0,ch04,80,[ 83.  82.  81. 116. 101.  90. 144. 144. 142.  80. 108. 109. 106.],[104. 100.  79.  77. 101.  92.  85.  88.  85.  83.  81.  79.  75.],106.62,86.85,96.73076923076923,144.0,79.0,79.0,106.0,85.0,89.0
gWA_sBM_cAll_d25_mWA2_ch04,gWA,sBM,cAll,d25,mWA2,ch04,100,[ 88.  97. 121.  70. 144.  93.  78.  85.  85.  82.],[ 82.  86.  84. 125. 144.  94.  77.  81.  84.  77.],94.3,93.4,93.85,85.0,77.0,77.0,86.5,84.0,85.0
gWA_sBM_cAll_d27_mWA2_ch07,gWA,sBM,cAll,d27,mWA2,ch07,100,[ 77. 144. 144. 125. 122.  92.  71. 106. 107. 114.],[ 86. 109. 112.  70.  73. 132. 134. 144.  92.  87.],110.2,103.9,107.05,144.0,70.0,144.0,110.5,100.5,108.0
gLO_sBM_cAll_d14_mLO1_ch02,gLO,sBM,cAll,d14,mLO1,ch02,90,[143. 144. 144. 115. 124. 131.  74.  70.  70.  70.  70.],[116. 113. 109.  89.  92.  91. 142. 133.  71.  80.  78.],105.0,101.27,103.13636363636364,70.0,71.0,70.0,115.0,92.0,100.5
gMH_sBM_cAll_d22_mMH3_ch09,gMH,sBM,cAll,d22,mMH3,ch09,110,[ 75.  71.  70. 111. 103. 105.  73. 111. 112.],[116. 112. 108. 110. 111. 111. 112. 106. 100.],92.33,109.56,100.94444444444444,111.0,111.0,111.0,103.0,111.0,109.0
gLH_sBM_cAll_d18_mLH2_ch04,gLH,sBM,cAll,d18,mLH2,ch04,100,[ 78.  84.  88.  70.  82.  73.  76.  79.  70. 129.],[ 90. 100. 101.  97.  98.  98. 100. 101. 105. 123.],82.9,101.3,92.1,70.0,98.0,70.0,78.5,100.0,93.5
gJB_sBM_cAll_d07_mJB1_ch08,gJB,sBM,cAll,d07,mJB1,ch08,90,[112. 110. 104. 109. 125.  85.  90. 101.  99.  99. 104.],[ 90. 100. 101.  97.  88.  90.  92.  88. 100. 106.  95.],103.45,95.18,99.31818181818181,99.0,88.0,90.0,104.0,95.0,99.5
gPO_sBM_cAll_d10_mPO3_ch02,gPO,sBM,cAll,d10,mPO3,ch02,110,[ 93. 144.  87.  77.  76. 144.  90.  79.  74.],[144. 108. 114. 108. 113. 111. 112. 111. 101.],96.0,113.56,104.77777777777777,144.0,108.0,144.0,87.0,111.0,108.0
gMH_sBM_cAll_d24_mMH3_ch07,gMH,sBM,cAll,d24,mMH3,ch07,110,[ 78.  88. 111. 115. 116. 102.  81.  75.  85.],[107. 112. 114. 110. 111. 110. 112. 105.  90.],94.56,107.89,101.22222222222223,75.0,110.0,110.0,88.0,110.0,108.5
gHO_sFM_cAll_d21_mHO4_ch19,gHO,sFM,cAll,d21,mHO4,ch19,130,"[121. 126. 144.  96. 134. 127. 121. 103.  96. 102. 121. 123. 126.  78.
  89.  93.  98. 113. 115. 116. 126. 120. 107. 103. 106. 111.  98.  83.
  75.  76.]","[116.  97.  83.  72. 142. 134.  86. 127. 137.  98. 120. 126. 133.  83.
 127. 107. 104. 120. 127.  84. 100. 116. 117. 104.  92.  76. 125. 131.
 128. 126.]",108.23,111.27,109.75,121.0,127.0,126.0,109.0,116.5,114.0
gHO_sBM_cAll_d20_mHO5_ch06,gHO,sBM,cAll,d20,mHO5,ch06,135,[133. 126. 138. 138. 132. 131. 136. 144.],[131. 133. 133. 133. 132. 136. 133. 133.],134.75,133.0,133.875,138.0,133.0,133.0,134.5,133.0,133.0
gKR_sFM_cAll_d29_mKR3_ch11,gKR,sFM,cAll,d29,mKR3,ch11,110,"[106. 108. 105.  99.  70. 125. 124. 144. 109. 116. 114. 144. 144.  87.
  88.  70. 123. 129. 121.  82.  82.  78.  70. 122. 125. 103. 106.  83.
  81.  97. 104. 134. 144. 111. 101.]","[120. 115. 108. 144. 116. 107. 110. 115. 100. 138. 134.  98.  95.  70.
  71.  81. 119. 115. 129. 136. 133.  90.  91. 120. 115.  96. 104. 105.
 109. 136. 131. 113. 112. 116.  99.]",107.11,111.17,109.14285714285714,144.0,115.0,144.0,106.0,113.0,109.5
gLO_sBM_cAll_d15_mLO4_ch02,gLO,sBM,cAll,d15,mLO4,ch02,120,[ 91.  88.  94.  96. 142. 114. 109. 125. 132.],[ 89.  75.  70.  71. 104.  76. 131. 121. 116.],110.11,94.78,102.44444444444444,88.0,70.0,70.0,109.0,89.0,100.0
gHO_sBM_cAll_d19_mHO1_ch01,gHO,sBM,cAll,d19,mHO1,ch01,115,[ 84.  80.  86.  88.  85.  91. 141. 102.  96.],[104. 110. 116. 116. 118. 114. 115. 114. 107.],94.78,112.67,103.72222222222223,80.0,114.0,114.0,88.0,114.0,105.5
gMH_sBM_cAll_d22_mMH1_ch05,gMH,sBM,cAll,d22,mMH1,ch05,90,[ 76.  85.  89.  93. 110. 119.  82.  93.  92.  90.  95.],[100.  89.  87.  92.  93.  92.  89.  88.  90.  89.  87.],93.09,90.55,91.81818181818181,93.0,89.0,89.0,92.0,89.0,90.0
gJB_sFM_cAll_d07_mJB5_ch06,gJB,sFM,cAll,d07,mJB5,ch06,130,"[120. 106.  75.  70.  73.  71.  70. 121. 112.  89.  89. 126. 134.  70.
  98. 103. 113. 125. 140. 144.  70.  72.  75.  75.  70.  70. 144. 132.
 124. 123.]","[ 80.  80.  82.  82.  74.  72.  70. 119.  70.  70.  71.  73. 128. 127.
 141.  71.  70.  71.  78.  71.  70.  83.  92. 101. 110.  89.  95.  97.
 103. 108.]",100.13,88.27,94.2,70.0,70.0,70.0,100.5,81.0,86.0
gWA_sBM_cAll_d26_mWA4_ch10,gWA,sBM,cAll,d26,mWA4,ch10,120,[ 81.  89.  92. 133. 123. 127. 133. 135. 136.],[ 77.  77.  73. 116.  89.  83.  97.  98.  84.],116.56,88.22,102.38888888888889,133.0,77.0,77.0,127.0,84.0,94.5
gLH_sBM_cAll_d18_mLH5_ch09,gLH,sBM,cAll,d18,mLH5,ch09,130,[134. 134. 136. 129. 127. 133. 133. 132.],[130. 130. 132. 131. 131. 132. 131. 123.],132.25,130.0,131.125,133.0,131.0,131.0,133.0,131.0,131.5
gWA_sBM_cAll_d27_mWA2_ch02,gWA,sBM,cAll,d27,mWA2,ch02,100,[ 97. 113. 144. 144. 126. 121. 118. 115. 122. 126.],[144. 144. 131. 131.  94. 136. 142. 144.  98.  82.],122.6,124.6,123.6,126.0,144.0,144.0,121.5,133.5,126.0
gKR_sBM_cAll_d28_mKR3_ch09,gKR,sBM,cAll,d28,mKR3,ch09,110,[ 88.  74. 111.  89.  79.  74. 115. 114. 129.],[116. 121. 131. 141. 132. 138. 138. 124. 119.],97.0,128.89,112.94444444444444,74.0,138.0,74.0,89.0,131.0,117.5
gWA_sBM_cAll_d25_mWA2_ch07,gWA,sBM,cAll,d25,mWA2,ch07,100,[106. 106. 110.  99.  87. 144. 144. 133. 144. 144.],[120. 113. 103. 120. 113. 106. 119. 116. 115. 124.],121.7,114.9,118.3,144.0,113.0,144.0,121.5,115.5,115.5
gBR_sFM_cAll_d04_mBR0_ch01,gBR,sFM,cAll,d04,mBR0,ch01,80,"[ 86.  84.  80.  78.  76. 132. 128. 116.  91.  89. 115.  70.  74.  71.
 119. 114.  70. 134. 137.  70.  72.  82.  84.  91.  96.  88.  77.  81.
  80.  75. 111. 115. 116. 144.  81.  86.  78. 144. 129.  74.  79.  77.
  83.  85. 128. 106.  91.  85.]","[ 77.  79.  79. 112. 124. 116. 120. 144.  79.  84.  81.  77.  79.  80.
  80.  80.  80.  80.  79.  77. 117. 125. 126.  86.  90.  89. 120.  86.
  81.  72.  72.  81.  81.  81.  84.  87.  87.  71.  74.  96. 102. 100.
  81. 140. 132.  82.  87.  95.]",95.25,92.33,93.79166666666667,70.0,81.0,81.0,85.5,83.0,84.5
gJS_sBM_cAll_d02_mJS4_ch10,gJS,sBM,cAll,d02,mJS4,ch10,120,[103. 144. 135. 125. 120. 110. 117. 128. 144.],[ 94. 101. 109. 132.  71.  78. 109. 116. 124.],125.11,103.78,114.44444444444444,144.0,109.0,109.0,125.0,109.0,116.5
gWA_sBM_cAll_d25_mWA0_ch01,gWA,sBM,cAll,d25,mWA0,ch01,80,[117. 123. 111. 100. 103. 106.  71. 144. 107. 111. 113. 108. 110.],[ 90.  92.  92. 144. 103.  75. 111. 113. 120. 122. 120. 144. 144.],109.54,113.08,111.3076923076923,111.0,144.0,144.0,110.0,113.0,111.0
gLO_sBM_cAll_d14_mLO5_ch10,gLO,sBM,cAll,d14,mLO5,ch10,130,[120. 127. 126. 139. 130. 126.  77. 144.],[124. 126. 128. 134. 134. 133. 128. 123.],123.62,128.75,126.1875,126.0,128.0,126.0,126.5,128.0,127.5
gLH_sFM_cAll_d16_mLH4_ch05,gLH,sFM,cAll,d16,mLH4,ch05,120,"[103. 100. 144.  88.  77.  75.  78. 121. 119. 107. 135. 134. 141. 110.
 116. 131. 132. 116. 111. 130. 139. 142. 137. 125. 113. 144. 140. 144.
 144. 126. 131. 134.]","[144. 144. 144. 144.  83.  77.  70.  72. 108. 117. 115. 124. 132. 133.
  70. 136. 130. 123. 104. 103. 131. 137. 103. 100.  99.  87. 124. 130.
 137.  96. 107. 111.]",121.47,113.59,117.53125,144.0,144.0,144.0,128.0,116.0,123.5
gKR_sBM_cAll_d29_mKR0_ch04,gKR,sBM,cAll,d29,mKR0,ch04,80,[ 89. 144. 114. 115. 125.  82.  83.  77.  70. 121. 118. 119. 114.],[ 86.  86.  79.  78.  87. 136. 122. 116. 109. 108. 122. 119. 103.],105.46,103.92,104.6923076923077,114.0,86.0,86.0,114.0,108.0,111.5
gLO_sBM_cAll_d13_mLO1_ch07,gLO,sBM,cAll,d13,mLO1,ch07,90,[104. 103.  91.  84.  98.  90. 144. 144.  80.  88.  90.],[82. 88. 95. 87. 93. 95. 83. 90. 90. 82. 86.],101.45,88.27,94.86363636363636,90.0,82.0,90.0,91.0,88.0,90.0
gPO_sBM_cAll_d12_mPO3_ch09,gPO,sBM,cAll,d12,mPO3,ch09,110,[124. 115.  82.  90.  99. 104. 108.  94.  89.],[ 98. 110. 127. 122. 107.  95.  93.  94.  99.],100.56,105.0,102.77777777777777,82.0,93.0,94.0,99.0,99.0,99.0
gPO_sFM_cAll_d12_mPO5_ch21,gPO,sFM,cAll,d12,mPO5,ch21,130,"[132. 139. 139. 118. 139. 131. 119. 122. 127. 128. 141. 131. 129. 127.
  84.  80.  84.  93. 126. 134. 127. 122. 139. 127.  72.  79.  75. 138.
 144. 108.]","[128. 130.  85.  88. 139. 136. 128. 127. 116. 122. 113.  85.  88. 123.
 142. 134. 124. 121. 129. 134. 140. 100.  95.  95. 121. 114.  70.  79.
  85.  84.]",118.47,112.5,115.48333333333333,127.0,85.0,127.0,127.0,121.0,123.5
gJB_sBM_cAll_d08_mJB1_ch06,gJB,sBM,cAll,d08,mJB1,ch06,90,[113. 114. 115.  86. 135. 143. 143.  87.  91. 108. 120.],[ 95.  92.  79.  83.  83. 144.  93.  80.  71. 117. 112.],114.09,95.36,104.72727272727273,143.0,83.0,83.0,114.0,92.0,101.5
gJS_sBM_cAll_d01_mJS3_ch01,gJS,sBM,cAll,d01,mJS3,ch01,110,[75. 73. 78. 85. 84. 84. 88. 84. 87.],[ 82.  99. 102.  86.  84. 101.  70. 111. 111.],82.0,94.0,88.0,84.0,111.0,84.0,84.0,99.0,84.5
gJB_sBM_cAll_d08_mJB0_ch06,gJB,sBM,cAll,d08,mJB0,ch06,80,[108. 108.  93.  87. 108. 111. 112.  98.  88.  85.  76. 117. 144.],[ 85.  88.  87.  92. 141.  70. 137.  86.  79.  86.  89.  84.  84.],102.69,92.92,97.8076923076923,108.0,84.0,108.0,108.0,86.0,88.5
gLO_sBM_cAll_d13_mLO0_ch04,gLO,sBM,cAll,d13,mLO0,ch04,80,[ 92.  92.  93.  92.  79.  95. 102.  92.  90.  98. 107. 114. 122.],[ 70.  71.  74.  85.  91.  91. 107.  70.  74.  80.  77.  77.  72.],97.54,79.92,88.73076923076923,92.0,70.0,92.0,93.0,77.0,91.0
gMH_sBM_cAll_d22_mMH1_ch08,gMH,sBM,cAll,d22,mMH1,ch08,90,[77. 83. 92. 89. 91. 93. 88. 94. 89. 87. 92.],[144. 144. 144. 122. 122. 132. 144.  95.  92.  92. 132.],88.64,123.91,106.27272727272727,89.0,144.0,92.0,89.0,132.0,92.5
gMH_sBM_cAll_d23_mMH0_ch03,gMH,sBM,cAll,d23,mMH0,ch03,80,[112. 112. 144. 127. 121. 130. 129. 120. 112. 106. 114.  84.  78.],[73. 75. 79. 81. 78. 78. 79. 80. 81. 82. 80. 79. 80.],114.54,78.85,96.6923076923077,112.0,79.0,78.0,114.0,79.0,81.5
gBR_sBM_cAll_d05_mBR1_ch02,gBR,sBM,cAll,d05,mBR1,ch02,90,[ 89. 103. 144.  96. 144. 144.  89. 144. 144.  98. 107.],[ 85. 144. 137. 138. 136. 132. 134. 139. 133. 138.  93.],118.36,128.09,123.22727272727273,144.0,138.0,144.0,107.0,136.0,135.0
gWA_sBM_cAll_d26_mWA1_ch10,gWA,sBM,cAll,d26,mWA1,ch10,90,[127. 122. 131. 140.  70.  76.  79. 141. 137.  90. 102.],[ 72.  70. 107.  94.  84. 144. 137. 113. 113. 111. 116.],110.45,105.55,108.0,70.0,113.0,70.0,122.0,111.0,112.0
gLH_sBM_cAll_d18_mLH4_ch10,gLH,sBM,cAll,d18,mLH4,ch10,120,[ 80.  87.  91. 115. 118. 124.  93. 126. 136.],[ 76. 144. 127. 119. 120. 120. 121. 117. 114.],107.78,117.56,112.66666666666667,80.0,120.0,120.0,115.0,120.0,118.5
gLO_sBM_cAll_d15_mLO5_ch07,gLO,sBM,cAll,d15,mLO5,ch07,130,[126. 122. 126. 142. 127. 126. 127. 126.],[ 86.  90. 101. 103.  93.  83. 125. 125.],127.75,100.75,114.25,126.0,125.0,126.0,126.0,97.0,125.0
gLO_sBM_cAll_d14_mLO1_ch09,gLO,sBM,cAll,d14,mLO1,ch09,90,[132. 121. 119. 120. 106. 112. 113. 118. 118.  98.  95.],[131. 131. 130. 131.  97.  84.  86.  97.  86.  90.  95.],113.82,105.27,109.54545454545455,118.0,131.0,131.0,118.0,97.0,112.5
gJB_sBM_cAll_d07_mJB3_ch01,gJB,sBM,cAll,d07,mJB3,ch01,110,[126. 126. 124. 119. 117. 107. 112. 120. 120.],[ 90.  98. 123. 113. 106. 107. 118. 127. 117.],119.0,111.0,115.0,120.0,90.0,107.0,120.0,113.0,117.5
gPO_sFM_cAll_d11_mPO2_ch10,gPO,sFM,cAll,d11,mPO2,ch10,100,"[103.  82.  77.  79.  89. 133. 144. 139. 126. 121. 115. 105. 102. 103.
 100.  97. 103.  98.  93.  89.  83.  84.  92.  97. 101. 109. 120. 144.
  96.  91. 136. 133.  97.  76.  79.  85.  77.  70. 121.]","[ 89.  95. 100.  98.  93.  99. 100. 100. 106.  89. 115. 107. 102. 106.
 104.  98.  96.  99.  89.  72.  71.  78.  82.  79.  78.  70. 126. 138.
  95.  99. 111. 126.  75.  77. 114. 107. 104. 114.  70.]",102.28,96.69,99.48717948717949,97.0,89.0,89.0,98.0,99.0,98.5
gJS_sBM_cAll_d03_mJS2_ch02,gJS,sBM,cAll,d03,mJS2,ch02,100,[133.  75.  82.  79.  86.  99. 144. 113. 111.  73.],[144.  96. 103. 129.  95. 100. 108. 119. 144. 144.],99.5,118.2,108.85,73.0,144.0,144.0,92.5,113.5,105.5
gPO_sFM_cAll_d11_mPO5_ch13,gPO,sFM,cAll,d11,mPO5,ch13,130,"[119. 132. 144.  91.  89.  81.  70. 126. 137. 131.  73. 104. 116. 132.
 131. 129. 126. 123. 127.  70. 129. 110. 110. 111. 111. 115. 115. 124.
  70.  71.]","[120. 125. 131.  96.  90. 131. 133.  98.  94. 100. 127. 136.  80.  84.
  81. 130. 127. 128. 133. 135. 127. 134. 144. 100. 105. 112. 109.  90.
 123. 120.]",110.57,114.77,112.66666666666667,70.0,127.0,127.0,115.5,121.5,119.5
gBR_sFM_cAll_d05_mBR3_ch10,gBR,sFM,cAll,d05,mBR3,ch10,110,"[103. 114.  72.  80.  80.  81. 110. 113. 117.  70. 134. 144.  81.  90.
  92.  74.  74.  82.  85.  84.  97. 108. 101.  99.  70.  92. 122. 128.
 117.  98.  90.  74.  71.  73.  78.]","[109. 108. 109. 109. 108. 115. 119.  73.  74. 118. 111. 113. 105. 103.
 119. 115. 111. 105. 109. 109.  82.  82.  86. 108. 124.  88.  97. 103.
 110. 116. 125.  90. 100. 112. 113.]",94.23,105.09,99.65714285714286,74.0,109.0,109.0,90.0,109.0,103.0
gMH_sBM_cAll_d24_mMH5_ch07,gMH,sBM,cAll,d24,mMH5,ch07,130,[136. 128.  80.  70. 126. 124. 122. 117.],[135. 134. 131. 128. 130. 132. 126. 119.],112.88,129.38,121.125,70.0,119.0,126.0,123.0,130.5,127.0
gMH_sFM_cAll_d23_mMH5_ch13,gMH,sFM,cAll,d23,mMH5,ch13,130,"[ 73.  79.  78. 133. 137. 135. 136. 141.  70. 131. 115. 104. 131. 127.
  89.  96. 101. 104. 114.  87.  95.  90. 109. 115. 128. 128.  77.  87.
 107. 119.]","[ 87.  97.  97.  98.  99.  87.  79.  81. 144. 142.  76. 111. 116. 131.
 128. 124. 133. 101. 121. 127. 127.  89. 102. 125. 139.  70.  76. 123.
 133. 134.]",107.87,109.9,108.88333333333334,87.0,76.0,87.0,108.0,113.5,110.0
gHO_sBM_cAll_d20_mHO4_ch02,gHO,sBM,cAll,d20,mHO4,ch02,130,[ 74.  84.  89. 127. 120. 126. 126. 130.],[133. 129. 126. 125. 128. 124. 116. 113.],109.5,124.25,116.875,126.0,113.0,126.0,123.0,125.5,125.5
gKR_sFM_cAll_d28_mKR3_ch04,gKR,sFM,cAll,d28,mKR3,ch04,110,"[120. 127. 137.  97. 134. 136. 112.  98. 134. 134.  70. 104. 142. 136.
  96.  97.  79.  70.  70.  74.  70. 112. 106.  98. 101.  92.  80.  70.
  72.  98. 144. 144. 100.  78. 144.]","[ 73.  83.  94.  87.  89. 103. 144. 144.  91.  74. 106.  92.  94.  95.
  93.  84. 122. 116. 109. 107. 107.  82. 118. 120. 132. 133. 103. 126.
 128. 123.  84. 101. 113. 109.  88.]",105.03,104.77,104.9,70.0,84.0,70.0,100.0,103.0,102.0
gBR_sBM_cAll_d06_mBR4_ch09,gBR,sBM,cAll,d06,mBR4,ch09,120,[129. 125. 119. 119. 118. 125. 115. 144.  72.],[ 98. 101.  88.  93. 123. 117. 135.  74.  78.],118.44,100.78,109.61111111111111,119.0,74.0,119.0,119.0,98.0,117.5
gWA_sBM_cAll_d25_mWA0_ch08,gWA,sBM,cAll,d25,mWA0,ch08,80,[144. 144. 144. 123. 107.  97. 104. 114. 144.  96.  96.  78. 138.],[ 87.  84.  77. 144. 144.  91. 134. 136. 144. 144. 144. 144. 144.],117.62,124.38,121.0,144.0,144.0,144.0,114.0,144.0,135.0
gKR_sBM_cAll_d28_mKR0_ch09,gKR,sBM,cAll,d28,mKR0,ch09,80,[106. 104.  70.  96. 114.  70. 144. 113. 129. 135. 144. 107. 111.],[ 86.  84.  82.  79. 123. 144.  81. 123. 111.  91. 100. 119. 112.],111.0,102.69,106.84615384615384,70.0,123.0,144.0,111.0,100.0,109.0
gJS_sBM_cAll_d02_mJS4_ch04,gJS,sBM,cAll,d02,mJS4,ch04,120,[102. 111. 132. 138.  77.  98. 123.  82.  89.],[80. 81. 75. 73. 73. 81. 73. 70. 77.],105.78,75.89,90.83333333333333,77.0,73.0,73.0,102.0,75.0,81.0
gLO_sBM_cAll_d13_mLO2_ch03,gLO,sBM,cAll,d13,mLO2,ch03,100,[ 73. 139. 136. 133. 106.  96. 106. 120. 116. 111.],[ 74. 115. 110.  92.  89.  72. 106.  98.  97.  89.],113.6,94.2,103.9,106.0,89.0,106.0,113.5,94.5,106.0
gMH_sBM_cAll_d24_mMH4_ch05,gMH,sBM,cAll,d24,mMH4,ch05,120,[115. 116. 119.  90.  99. 119. 124. 134.  74.],[140. 142. 130.  74. 144. 137.  88.  93.  83.],110.0,114.56,112.27777777777777,119.0,74.0,74.0,116.0,130.0,117.5
gLH_sBM_cAll_d18_mLH2_ch09,gLH,sBM,cAll,d18,mLH2,ch09,100,[100. 101. 105. 104.  99. 100. 100.  97. 139. 126.],[109. 106. 105. 102. 100. 101.  99. 134. 128. 138.],107.1,112.2,109.65,100.0,99.0,100.0,100.5,105.5,103.0
gPO_sBM_cAll_d11_mPO4_ch04,gPO,sBM,cAll,d11,mPO4,ch04,120,[105. 108. 115. 115. 112. 117.  78.  82.  79.],[100. 101.  86.  70.  76.  90. 144.  75.  72.],101.22,90.44,95.83333333333333,115.0,70.0,115.0,108.0,86.0,95.0
gHO_sBM_cAll_d21_mHO3_ch10,gHO,sBM,cAll,d21,mHO3,ch10,125,[133. 130. 131.  70.  70. 117. 125.  70.],[ 92.  95.  96.  70. 144.  91.  95.  98.],105.75,97.62,101.6875,70.0,95.0,70.0,121.0,95.0,95.5
gJB_sBM_cAll_d07_mJB2_ch05,gJB,sBM,cAll,d07,mJB2,ch05,100,[ 87.  74.  73.  87.  92.  86.  73. 125. 119.  81.],[ 75.  82.  94. 114.  76.  81.  84.  74.  76.  88.],89.7,84.4,87.05,73.0,76.0,73.0,86.5,81.5,83.0
gHO_sBM_cAll_d20_mHO0_ch04,gHO,sBM,cAll,d20,mHO0,ch04,110,[ 84.  84.  84. 121. 104. 144. 117. 113. 120.],[103. 109. 112. 110. 110. 110. 110. 110. 110.],107.89,109.33,108.61111111111111,84.0,110.0,110.0,113.0,110.0,110.0
gKR_sBM_cAll_d29_mKR5_ch09,gKR,sBM,cAll,d29,mKR5,ch09,130,[116. 124.  72.  81. 136. 135. 123.  70.],[132. 135. 131. 109. 100.  97.  95. 116.],107.12,114.38,110.75,70.0,95.0,116.0,119.5,112.5,116.0
gJB_sFM_cAll_d08_mJB2_ch10,gJB,sFM,cAll,d08,mJB2,ch10,100,"[ 98.  99. 134. 135. 132. 122. 115. 124. 111. 105. 102.  83. 120. 134.
  95.  99. 119. 120.  76.  75.  76.  83. 132. 111. 104. 105. 127. 117.
 111. 107.  94. 144. 111. 122. 117. 107. 100.  98.  94.]","[136. 124. 121. 139.  76.  74. 129.  70.  71.  70. 128. 144.  98.  71.
 113. 115. 115. 100.  70. 135. 140.  98.  94. 100.  92. 100.  93.  92.
 102.  93. 127. 107.  95.  93.  87.  86.  87. 121. 107.]",109.18,102.9,106.03846153846153,111.0,70.0,98.0,111.0,100.0,105.0
gJB_sBM_cAll_d07_mJB1_ch01,gJB,sBM,cAll,d07,mJB1,ch01,90,[104. 100. 104. 107. 100.  97.  96.  97. 100.  97.  96.],[ 89.  93. 103. 114. 129. 100. 107.  87.  93. 104. 144.],99.82,105.73,102.77272727272727,97.0,93.0,100.0,100.0,103.0,100.0
gJB_sFM_cAll_d08_mJB5_ch14,gJB,sFM,cAll,d08,mJB5,ch14,130,"[ 92. 101. 101. 144. 109. 113. 119. 119. 108.  89.  82. 114. 109. 111.
 105. 104. 108.  96.  84.  71. 134. 139. 144.  98.  93.  94.  95.  70.
 101.  90.]","[113. 119. 111. 102. 143. 120. 101.  96.  99.  93.  90. 135. 144. 105.
  99. 114.  84.  75.  70. 123. 122. 123. 120. 126. 123. 133.  96. 105.
 108. 104.]",104.57,109.87,107.21666666666667,101.0,123.0,101.0,102.5,109.5,105.0
gWA_sBM_cAll_d27_mWA3_ch10,gWA,sBM,cAll,d27,mWA3,ch10,110,[134. 128. 124. 123.  78. 144. 124. 106.  88.],[141. 132. 108. 107. 128.  80.  87.  88.  81.],116.56,105.78,111.16666666666667,124.0,80.0,88.0,124.0,107.0,115.5
gPO_sBM_cAll_d12_mPO5_ch06,gPO,sBM,cAll,d12,mPO5,ch06,130,[85. 85. 84. 81. 82. 84. 89. 92.],[133. 132. 131. 128. 128. 131. 126. 120.],85.25,128.62,106.9375,84.0,128.0,84.0,84.5,129.5,106.0
gWA_sBM_cAll_d25_mWA0_ch05,gWA,sBM,cAll,d25,mWA0,ch05,80,[144. 143. 102. 125. 135. 127. 128. 114. 100.  89. 144. 133. 131.],[117. 124. 116. 105.  94. 119. 114. 128. 138. 137. 144. 144. 144.],124.23,124.92,124.57692307692308,144.0,144.0,144.0,128.0,124.0,127.5
gMH_sBM_cAll_d22_mMH1_ch07,gMH,sBM,cAll,d22,mMH1,ch07,90,[ 91.  95. 111. 117. 112. 112. 122.  70.  75.  86.  92.],[ 91.  93.  89.  92.  90.  86.  97. 132. 136.  96. 100.],98.45,100.18,99.31818181818181,112.0,86.0,86.0,95.0,93.0,94.0
gLO_sBM_cAll_d14_mLO0_ch05,gLO,sBM,cAll,d14,mLO0,ch05,80,[ 98.  94. 144. 138. 127. 124. 117. 110. 109. 144. 144.  75.  88.],[114. 122.  84. 102. 110. 103.  75.  86.  86.  99. 117. 116. 113.],116.31,102.08,109.1923076923077,144.0,86.0,144.0,117.0,103.0,110.0
gLH_sBM_cAll_d17_mLH5_ch10,gLH,sBM,cAll,d17,mLH5,ch10,130,[118. 123. 118.  91. 117. 141. 138. 131.],[122.  70. 137. 124. 121. 119. 132. 144.],122.12,121.12,121.625,118.0,70.0,118.0,120.5,123.0,122.5
gBR_sBM_cAll_d04_mBR3_ch04,gBR,sBM,cAll,d04,mBR3,ch04,110,[124. 107. 108. 109. 108. 113. 111. 107. 100.],[111. 108. 109. 111. 107. 113. 113. 105. 102.],109.67,108.78,109.22222222222223,107.0,111.0,107.0,108.0,109.0,108.5
gJB_sBM_cAll_d08_mJB1_ch02,gJB,sBM,cAll,d08,mJB1,ch02,90,[111. 111. 120. 136. 102. 102.  93.  99. 101.  98. 144.],[142. 144.  84.  86. 109.  99.  91.  95.  82. 102. 112.],110.64,104.18,107.4090909090909,102.0,82.0,102.0,102.0,99.0,102.0
gLH_sBM_cAll_d17_mLH1_ch02,gLH,sBM,cAll,d17,mLH1,ch02,90,[108. 100.  91. 133. 127. 144.  92.  95.  93.  95.  93.],[ 88.  88.  97. 144.  82.  96.  87.  84. 133.  83.  86.],106.45,97.09,101.77272727272727,93.0,88.0,88.0,95.0,88.0,94.0
gLH_sBM_cAll_d18_mLH3_ch07,gLH,sBM,cAll,d18,mLH3,ch07,110,[109. 110. 121. 144. 110. 116. 125. 132. 126.],[104.  97.  81. 124.  99.  83. 129. 138. 139.],121.44,110.44,115.94444444444444,110.0,81.0,110.0,121.0,104.0,118.5
gLH_sBM_cAll_d16_mLH1_ch03,gLH,sBM,cAll,d16,mLH1,ch03,90,[ 78.  78. 144.  84.  88.  91.  87.  88.  89.  93.  84.],[120. 111. 108. 119.  92.  88.  91.  94.  86. 125.  70.],91.27,100.36,95.81818181818181,78.0,70.0,88.0,88.0,94.0,90.0
gJB_sBM_cAll_d08_mJB0_ch10,gJB,sBM,cAll,d08,mJB0,ch10,80,[ 75.  73.  76. 118.  72. 144. 100.  70.  81.  71. 118. 116.  79.],[ 97.  97. 109. 115. 102.  84. 118. 104.  70. 144. 143. 139. 138.],91.77,112.31,102.03846153846153,118.0,97.0,118.0,79.0,109.0,101.0
gBR_sBM_cAll_d05_mBR5_ch04,gBR,sBM,cAll,d05,mBR5,ch04,130,[144. 137. 129.  70.  70.  70. 127. 142.],[128. 130. 131. 134. 130. 119. 123. 135.],111.12,128.75,119.9375,70.0,130.0,70.0,128.0,130.0,129.5
gHO_sBM_cAll_d19_mHO2_ch10,gHO,sBM,cAll,d19,mHO2,ch10,120,[138.  70.  70. 144. 144. 144. 144.  70. 134.],[ 91.  86.  91. 144.  90. 144. 144. 144. 144.],117.56,119.78,118.66666666666667,144.0,144.0,144.0,138.0,144.0,141.0
gKR_sBM_cAll_d29_mKR5_ch01,gKR,sBM,cAll,d29,mKR5,ch01,130,[124. 130. 132. 118. 102.  92. 128. 122.],[ 72.  77. 124. 128. 132. 128. 124. 121.],118.5,113.25,115.875,92.0,124.0,124.0,123.0,124.0,124.0
gLO_sFM_cAll_d13_mLO4_ch05,gLO,sFM,cAll,d13,mLO4,ch05,120,"[124. 120. 123. 129. 112. 122. 113. 102. 111. 113. 104. 103. 110. 117.
 109.  86. 120. 115. 126. 133. 119. 113. 112.  99.  99.  88. 143. 116.
 123. 118. 112. 117.]","[123. 121. 104.  94.  98. 122. 119. 140. 109. 120. 129.  94. 144. 122.
 108. 144. 141. 128. 122. 123. 110.  70. 123. 117. 118. 132.  76. 139.
 100.  93. 122.  71.]",114.09,114.88,114.484375,112.0,122.0,122.0,114.0,120.5,117.0
gKR_sBM_cAll_d30_mKR4_ch02,gKR,sBM,cAll,d30,mKR4,ch02,120,[ 84.  92. 103.  70.  70. 124. 110.  70. 141.],[144. 122. 127. 127. 116. 117. 125. 125. 144.],96.0,127.44,111.72222222222223,70.0,125.0,70.0,92.0,125.0,119.5
gHO_sBM_cAll_d19_mHO3_ch04,gHO,sBM,cAll,d19,mHO3,ch04,125,[ 80.  70. 124. 126. 125. 127. 124. 124.],[111. 116. 123. 126. 125. 125. 126. 126.],112.5,122.25,117.375,124.0,126.0,126.0,124.0,125.0,124.5
gKR_sBM_cAll_d29_mKR4_ch07,gKR,sBM,cAll,d29,mKR4,ch07,120,[106.  96. 131. 126. 126. 144. 112. 112.  99.],[ 78.  70.  70. 106.  70. 124. 128. 128. 123.],116.89,99.67,108.27777777777777,112.0,70.0,70.0,112.0,106.0,112.0
gLO_sBM_cAll_d15_mLO2_ch02,gLO,sBM,cAll,d15,mLO2,ch02,100,[138. 141. 144. 144. 138. 132. 129. 144. 125. 127.],[144. 136.  97.  98.  95. 102. 110.  98. 111. 131.],136.2,112.2,124.2,144.0,98.0,144.0,138.0,106.0,130.0
gLH_sFM_cAll_d16_mLH1_ch02,gLH,sFM,cAll,d16,mLH1,ch02,90,"[ 92. 140. 130. 118. 101.  84.  83.  84.  82.  78.  72.  76.  72.  71.
  80. 102. 121. 135.  70. 113. 115. 108.  90.  78.  79.  78. 109. 115.
 114. 144. 144.  86.  94.  93.  93.  99.  70.  79.  78. 118. 115. 122.
 117.]","[102.  93.  97. 113. 120.  98. 116. 124. 113. 113. 122.  70. 144. 144.
  79.  90. 100. 109. 114. 127. 127. 120. 122. 134. 127. 115. 118. 123.
  89.  92. 144.  70. 132.  92.  82. 143. 144. 141. 137. 138. 132. 108.
 104.]",98.65,114.47,106.55813953488372,78.0,144.0,144.0,93.0,116.0,109.0
gMH_sFM_cAll_d22_mMH1_ch07,gMH,sFM,cAll,d22,mMH1,ch07,90,"[144. 144. 128.  70. 114.  96.  84.  70. 114.  78.  86.  80. 118. 121.
 115.  94. 144.  73. 144. 144.  99. 115. 138.  75. 144. 102. 117.  73.
  70.  76. 103. 106. 101. 106.  98.  90. 132. 141.  99.  95.  91.  96.
 135.]","[ 89.  88.  91.  89.  86.  79. 120. 126. 144.  81.  91.  86. 125. 104.
  87.  84. 101.  91.  84.  93.  83.  80.  95.  99.  96. 100. 102. 114.
 127. 106.  96.  94. 106. 111. 112. 117. 122. 125. 122.  96.  85. 144.
 144.]",106.12,102.67,104.3953488372093,144.0,91.0,144.0,102.0,96.0,99.5
gJB_sBM_cAll_d08_mJB0_ch01,gJB,sBM,cAll,d08,mJB0,ch01,80,[ 91.  95. 115.  83.  80.  80.  94.  94.  89.  89.  82.  74. 141.],[ 74.  83. 126.  90.  90. 135.  86. 103.  84.  73. 109. 108. 128.],92.85,99.15,96.0,80.0,90.0,74.0,89.0,90.0,90.0
gHO_sBM_cAll_d21_mHO2_ch03,gHO,sBM,cAll,d21,mHO2,ch03,120,[122. 121. 120. 123. 120. 126. 118. 114. 118.],[ 76.  87.  91. 122. 125.  88. 144. 144.  79.],120.22,106.22,113.22222222222223,118.0,144.0,118.0,120.0,91.0,120.0
gBR_sBM_cAll_d05_mBR0_ch01,gBR,sBM,cAll,d05,mBR0,ch01,80,[117. 124. 125. 125. 123. 116. 122. 124. 116. 118. 122. 102.  88.],[100.  84.  80.  81.  83.  80.  79.  82.  79.  80.  82.  73. 134.],117.08,85.92,101.5,116.0,80.0,80.0,122.0,81.0,101.0
gWA_sBM_cAll_d25_mWA1_ch04,gWA,sBM,cAll,d25,mWA1,ch04,90,[122.  70.  81.  78.  78.  88.  94.  97. 136. 139.  75.],[118.  98.  89.  81. 114. 126. 111. 102.  70.  82. 144.],96.18,103.18,99.68181818181819,78.0,70.0,70.0,88.0,102.0,95.5
gPO_sBM_cAll_d11_mPO5_ch08,gPO,sBM,cAll,d11,mPO5,ch08,130,[144. 112.  70. 124. 128.  70.  71.  71.],[122. 140.  80. 104. 108. 100. 132. 133.],98.75,114.88,106.8125,70.0,80.0,70.0,91.5,115.0,110.0
gHO_sBM_cAll_d19_mHO0_ch02,gHO,sBM,cAll,d19,mHO0,ch02,110,[107. 106. 109. 109. 109. 103. 107. 120.  86.],[103. 106. 110. 109. 105. 106. 113. 118. 109.],106.22,108.78,107.5,109.0,106.0,109.0,107.0,109.0,108.0
gMH_sBM_cAll_d24_mMH4_ch09,gMH,sBM,cAll,d24,mMH4,ch09,120,[137. 129. 121. 120. 119. 121. 120. 119. 120.],[127. 125. 122. 118. 118. 121. 122. 128. 127.],122.89,123.11,123.0,120.0,118.0,120.0,120.0,122.0,121.0
gWA_sBM_cAll_d25_mWA3_ch10,gWA,sBM,cAll,d25,mWA3,ch10,110,[115. 113. 118. 129. 138. 118.  93. 115. 121.],[101. 113. 121. 104. 105.  70. 144. 112. 116.],117.78,109.56,113.66666666666667,115.0,70.0,113.0,118.0,112.0,115.0
gKR_sBM_cAll_d30_mKR3_ch09,gKR,sBM,cAll,d30,mKR3,ch09,110,[ 77.  74.  75.  83.  84. 133. 129. 129. 124.],[104. 106. 141. 112. 111.  72.  70. 118. 114.],100.89,105.33,103.11111111111111,129.0,70.0,129.0,84.0,111.0,108.5
gKR_sBM_cAll_d28_mKR1_ch04,gKR,sBM,cAll,d28,mKR1,ch04,90,[129.  70.  82.  87.  85. 132. 144. 108. 106. 140. 139.],[104. 106. 100.  91.  85. 130.  93.  95.  87.  99. 111.],111.09,100.09,105.5909090909091,70.0,85.0,85.0,108.0,99.0,102.0
gJB_sBM_cAll_d09_mJB5_ch05,gJB,sBM,cAll,d09,mJB5,ch05,130,[120. 110.  99.  96. 107. 113. 107.  95.],[ 75.  74.  70. 133.  70.  76.  74.  70.],105.88,80.25,93.0625,107.0,70.0,70.0,107.0,74.0,95.5
gBR_sBM_cAll_d04_mBR2_ch02,gBR,sBM,cAll,d04,mBR2,ch02,100,[106. 107.  98.  94. 144. 104. 144. 144. 117. 143.],[116. 135.  90. 100.  99. 118. 135.  98. 116. 133.],120.1,114.0,117.05,144.0,116.0,144.0,112.0,116.0,116.0
gMH_sFM_cAll_d23_mMH1_ch09,gMH,sFM,cAll,d23,mMH1,ch09,90,"[113.  97.  78.  79.  76. 116.  70.  76.  70.  70.  71. 104.  88.  91.
 120. 122. 125. 112.  95.  87.  87.  85. 103. 110. 124.  70.  70. 135.
  95.  93.  87.  90.  93. 101.  98.  90. 105. 107.  86.  76.  88. 100.
 106.]","[124. 123. 112. 101.  90.  89.  96. 110. 107. 100.  97.  93.  89.  91.
  81.  84. 138.  95.  97.  84. 100.  98.  87.  72.  97.  95. 133.  71.
  91.  92.  89.  87.  79.  79.  98.  94. 125. 117.  91.  90.  89.  90.
  91.]",94.4,96.65,95.52325581395348,70.0,89.0,70.0,93.0,93.0,93.0
gJS_sBM_cAll_d01_mJS2_ch07,gJS,sBM,cAll,d01,mJS2,ch07,100,[ 70. 144. 144.  70. 109.  70.  73.  72.  70.  75.],[ 97.  87.  78.  78.  94.  99.  93. 101. 107. 113.],89.7,94.7,92.2,70.0,78.0,70.0,72.5,95.5,90.0
gHO_sBM_cAll_d19_mHO3_ch09,gHO,sBM,cAll,d19,mHO3,ch09,125,[124. 124. 126. 128. 126. 129. 129. 121.],[122. 124. 126. 126. 125. 124. 125. 129.],125.88,125.12,125.5,124.0,124.0,124.0,126.0,125.0,125.5
gMH_sBM_cAll_d22_mMH3_ch01,gMH,sBM,cAll,d22,mMH3,ch01,110,[110. 111. 113. 111. 109. 109. 110. 112. 111.],[118. 119. 124. 138. 126. 119. 116. 125. 132.],110.67,124.11,117.38888888888889,111.0,119.0,111.0,111.0,124.0,114.5
gKR_sBM_cAll_d28_mKR1_ch10,gKR,sBM,cAll,d28,mKR1,ch10,90,[136. 136.  70. 124. 108. 100. 139. 139. 128. 122. 120.],[131. 133.  70.  76. 101.  73.  70. 108. 110.  71.  84.],120.18,93.36,106.77272727272727,136.0,70.0,70.0,124.0,84.0,109.0
gPO_sBM_cAll_d10_mPO3_ch10,gPO,sBM,cAll,d10,mPO3,ch10,110,[115. 111. 112. 108.  70. 121. 118. 106.  94.],[101.  90.  98. 108. 107. 120. 113.  96.  95.],106.11,103.11,104.61111111111111,70.0,90.0,108.0,111.0,101.0,107.5
gJB_sBM_cAll_d08_mJB4_ch10,gJB,sBM,cAll,d08,mJB4,ch10,120,[118.  70.  70. 105.  90.  74.  70. 124. 122.],[124. 119. 120. 125. 118. 115. 109. 114. 118.],93.67,118.0,105.83333333333333,70.0,118.0,70.0,90.0,118.0,116.5
gBR_sBM_cAll_d05_mBR1_ch06,gBR,sBM,cAll,d05,mBR1,ch06,90,[110. 115. 130. 125.  88.  93. 101. 113. 110.  94.  82.],[107. 118. 127.  95.  92.  91.  87.  84.  95.  93.  91.],105.55,98.18,101.86363636363636,110.0,91.0,91.0,110.0,93.0,95.0
gLH_sBM_cAll_d18_mLH4_ch05,gLH,sBM,cAll,d18,mLH4,ch05,120,[121. 123. 120. 115. 144. 144. 124. 124. 129.],[ 72.  70. 112. 121. 122. 118. 119. 118. 117.],127.11,107.67,117.38888888888889,124.0,118.0,118.0,124.0,118.0,120.5
gMH_sBM_cAll_d24_mMH3_ch10,gMH,sBM,cAll,d24,mMH3,ch10,110,[ 78.  70.  70. 144. 144. 125. 117. 114. 144.],[142. 144. 115. 113. 113. 114. 109. 107. 113.],111.78,118.89,115.33333333333333,144.0,113.0,144.0,117.0,113.0,114.0
gJB_sBM_cAll_d09_mJB5_ch08,gJB,sBM,cAll,d09,mJB5,ch08,130,[131.  70. 144. 143.  70.  73.  81.  81.],[138. 137.  70.  70.  70.  70. 119. 122.],99.12,99.5,99.3125,70.0,70.0,70.0,81.0,94.5,81.0
gJS_sBM_cAll_d02_mJS5_ch07,gJS,sBM,cAll,d02,mJS5,ch07,130,[102. 109.  70.  70.  76.  77.  85.  92.],[ 92. 100. 110. 116. 144. 100.  83.  81.],85.12,103.25,94.1875,70.0,100.0,70.0,81.0,100.0,92.0
gWA_sBM_cAll_d26_mWA4_ch08,gWA,sBM,cAll,d26,mWA4,ch08,120,[ 97. 144. 141. 133. 125. 120. 109.  90.  85.],[134. 130. 124. 122. 132. 129. 104. 108. 115.],116.0,122.0,119.0,85.0,104.0,85.0,120.0,124.0,123.0
gBR_sBM_cAll_d06_mBR4_ch04,gBR,sBM,cAll,d06,mBR4,ch04,120,[144. 144. 144. 144.  70. 118. 119.  80.  97.],[129. 124. 124. 120. 117. 120. 120. 114. 109.],117.78,119.67,118.72222222222223,144.0,120.0,144.0,119.0,120.0,120.0
gHO_sBM_cAll_d19_mHO0_ch08,gHO,sBM,cAll,d19,mHO0,ch08,110,[136. 128. 133. 133. 135. 141.  86.  86. 105.],[104. 106. 110. 109. 114. 108. 113. 113. 104.],120.33,109.0,114.66666666666667,86.0,104.0,86.0,133.0,109.0,111.5
gPO_sFM_cAll_d10_mPO2_ch03,gPO,sFM,cAll,d10,mPO2,ch03,100,"[ 75.  70. 120. 126. 127. 107. 105. 108.  88.  70. 101. 114. 123. 130.
  98.  99.  73.  85.  88.  84.  73.  82.  93. 110. 109. 114. 139. 100.
 102. 107. 143. 141. 143. 133. 109. 103. 107. 125. 120.]","[120.  70. 138. 141. 101.  98. 140. 132.  72.  95.  90.  83. 130. 124.
 120. 108. 140. 135. 132. 132.  72.  77.  81.  91.  91.  86.  81.  70.
  70.  95. 103. 119. 127. 106. 107. 110. 114. 126. 127.]",106.26,106.51,106.38461538461539,107.0,70.0,70.0,107.0,107.0,107.0
gKR_sBM_cAll_d30_mKR2_ch09,gKR,sBM,cAll,d30,mKR2,ch09,100,[144. 114.  79.  76. 127. 124. 138. 144. 118. 118.],[118. 120. 124. 120. 111. 100. 130. 133.  70. 126.],118.2,115.2,116.7,118.0,120.0,118.0,121.0,120.0,120.0
gLO_sFM_cAll_d13_mLO1_ch02,gLO,sFM,cAll,d13,mLO1,ch02,90,"[ 75.  86. 106. 119. 144.  94.  92.  87.  91.  95. 111. 128. 143. 144.
  70. 108.  95.  91.  87.  81.  76.  82. 144. 124. 132. 130.  97.  94.
 102. 106. 116. 111. 105. 111. 117. 117.  75.  77. 135. 122. 112.  70.
  70.]","[102.  95.  93.  83.  89.  91.  89.  92.  95.  91. 105.  89.  89.  93.
  95.  95. 138.  89.  94.  83.  81.  88.  91.  92.  89.  70. 137. 143.
  95. 144. 140. 143. 140.  93.  87.  95.  94.  89.  96. 109. 120. 130.
  79.]",104.0,100.81,102.40697674418605,70.0,89.0,95.0,105.0,93.0,95.0
gMH_sBM_cAll_d24_mMH5_ch05,gMH,sBM,cAll,d24,mMH5,ch05,130,[128. 127. 132. 130. 123. 129. 136.  89.],[138. 130. 128. 130. 128. 127. 131. 131.],124.25,130.38,127.3125,89.0,128.0,128.0,128.5,130.0,129.5
gJS_sBM_cAll_d01_mJS0_ch10,gJS,sBM,cAll,d01,mJS0,ch10,80,[109. 100. 103. 143. 144.  78.  98. 100. 100.  91.  93. 103. 107.],[144.  82. 100. 105. 107. 102.  88.  84. 104. 110. 125. 132. 124.],105.31,108.23,106.76923076923077,100.0,82.0,100.0,100.0,105.0,103.0
gWA_sBM_cAll_d26_mWA0_ch03,gWA,sBM,cAll,d26,mWA0,ch03,80,[110. 110. 120. 118. 106.  70.  76.  89. 144. 116. 103. 106. 112.],[138. 108.  93.  85.  80.  95.  96.  86.  96. 120. 133.  70.  73.],106.15,97.92,102.03846153846153,106.0,96.0,70.0,110.0,95.0,104.5
gJB_sBM_cAll_d09_mJB3_ch10,gJB,sBM,cAll,d09,mJB3,ch10,110,[132. 139.  70. 138. 128. 119. 108. 101.  99.],[ 93. 109.  70.  85.  92. 108. 122. 134. 144.],114.89,106.33,110.61111111111111,70.0,70.0,70.0,119.0,108.0,108.5
gLO_sBM_cAll_d14_mLO0_ch08,gLO,sBM,cAll,d14,mLO0,ch08,80,[128. 142.  88.  81.  79.  75. 126.  83.  79.  81.  80.  81.  81.],[138.  72.  82.  83.  76.  84.  89.  99. 107.  78.  79.  88. 144.],92.62,93.77,93.1923076923077,81.0,72.0,81.0,81.0,84.0,82.5
gWA_sFM_cAll_d27_mWA4_ch19,gWA,sFM,cAll,d27,mWA4,ch19,120,"[133. 116. 106. 114.  77. 109. 110.  95.  90.  92. 116. 144. 101. 144.
 144. 109.  95.  86. 113. 106. 105. 112. 109. 107. 116. 131.  84.  77.
  79.  97.  95.  91.]","[128. 119. 103. 115. 119. 122. 144.  86.  74. 120. 130. 142. 144. 144.
 116. 144. 106. 110. 109.  89. 123. 109.  86.  94.  99.  93.  92. 127.
 105.  85.  77.  70.]",106.34,110.12,108.234375,95.0,144.0,144.0,106.5,109.5,109.0
gLH_sBM_cAll_d17_mLH5_ch09,gLH,sBM,cAll,d17,mLH5,ch09,130,[ 75.  76.  76.  79.  92. 126.  72.  77.],[125. 132.  70.  87.  92. 130. 107.  95.],84.12,104.75,94.4375,76.0,70.0,76.0,76.5,101.0,89.5
gHO_sBM_cAll_d19_mHO2_ch04,gHO,sBM,cAll,d19,mHO2,ch04,120,[ 80.  70. 114. 122. 123. 124. 122. 119. 118.],[117. 117. 118. 119. 122. 122. 121. 122. 124.],110.22,120.22,115.22222222222223,122.0,122.0,122.0,119.0,121.0,120.0
gJS_sBM_cAll_d01_mJS3_ch02,gJS,sBM,cAll,d01,mJS3,ch02,110,[116. 115.  70.  84.  82.  85. 105. 102. 144.],[109. 104.  90.  79.  79. 102. 113. 121. 117.],100.33,101.56,100.94444444444444,70.0,79.0,79.0,102.0,104.0,103.0
gPO_sBM_cAll_d10_mPO1_ch07,gPO,sBM,cAll,d10,mPO1,ch07,90,[ 96. 140. 130. 126. 113.  99.  83.  70. 101. 135. 122.],[113. 105. 108. 114. 118. 124. 124. 144.  89. 135. 136.],110.45,119.09,114.77272727272727,70.0,124.0,113.0,113.0,118.0,116.0
gMH_sFM_cAll_d23_mMH0_ch08,gMH,sFM,cAll,d23,mMH0,ch08,80,"[110. 120.  71.  84. 103. 120.  73. 127. 127. 127.  83.  90. 144.  71.
 119.  91.  84.  91.  83.  80.  85.  91. 113.  96. 104. 106. 138. 134.
 104. 105. 121. 126. 100. 121.  80.  89.  83.  74. 144.  93.  90.  90.
  91. 137. 133. 131. 126. 109.]","[103.  93.  78.  86.  98. 102.  98. 106. 118.  82.  88.  85.  84.  86.
  78.  77.  70.  70.  77.  81.  80.  83.  86. 139. 119.  76.  83.  80.
  79.  86.  91.  97.  70. 100. 112.  84.  97.  89.  86.  82.  80.  76.
  70. 135. 128. 126.  82.  80.]",104.42,90.75,97.58333333333333,91.0,86.0,80.0,103.5,85.5,91.0
gHO_sBM_cAll_d21_mHO3_ch01,gHO,sBM,cAll,d21,mHO3,ch01,125,[124. 129. 127. 124. 130. 128. 127. 123.],[118. 121. 127. 126. 130. 130. 125. 106.],126.5,122.88,124.6875,124.0,130.0,127.0,127.0,125.5,126.5
gHO_sFM_cAll_d21_mHO2_ch17,gHO,sFM,cAll,d21,mHO2,ch17,120,"[ 80.  70. 112.  70. 137.  86.  76.  85. 101. 114. 144. 144. 144. 144.
 108. 115. 124.  70.  76.  80.  78.  71.  73.  87. 144. 144. 101. 114.
 124. 117. 122.  77.]","[120. 116. 116. 121.  76. 144. 138. 144. 131. 123. 118. 118. 119. 117.
 124. 123. 124. 123. 120. 118. 127. 121. 122. 121. 115. 120. 121. 121.
 121. 120. 120. 121.]",104.12,121.34,112.734375,144.0,121.0,144.0,104.5,121.0,120.0
gPO_sBM_cAll_d10_mPO1_ch05,gPO,sBM,cAll,d10,mPO1,ch05,90,[ 71.  92.  94. 140. 136.  70.  70. 100.  96.  96. 107.],[ 72. 111. 120.  70.  70. 107. 144.  76. 121. 117. 121.],97.45,102.64,100.04545454545455,70.0,70.0,70.0,96.0,111.0,98.0
gWA_sBM_cAll_d25_mWA3_ch02,gWA,sBM,cAll,d25,mWA3,ch02,110,[123. 117. 109.  91. 100. 113. 117. 135. 144.],[104. 109. 104. 144. 120.  85. 134. 124. 128.],116.56,116.89,116.72222222222223,117.0,104.0,104.0,117.0,120.0,117.0
gWA_sBM_cAll_d25_mWA0_ch10,gWA,sBM,cAll,d25,mWA0,ch10,80,[ 87.  96.  88.  77.  78.  81. 122. 131. 131. 121. 117.  80.  87.],[100.  88. 136.  72.  76.  96. 100.  92. 144. 123. 127.  70. 144.],99.69,105.23,102.46153846153847,87.0,100.0,87.0,88.0,100.0,96.0
gHO_sBM_cAll_d20_mHO4_ch01,gHO,sBM,cAll,d20,mHO4,ch01,130,[133. 132.  70.  83. 123. 126. 123. 123.],[127. 129. 130. 132. 126. 126. 125. 119.],114.12,126.75,120.4375,123.0,126.0,123.0,123.0,126.5,126.0
gLH_sBM_cAll_d18_mLH4_ch07,gLH,sBM,cAll,d18,mLH4,ch07,120,[111. 110. 125. 125. 120. 108.  87.  95. 106.],[115. 115. 124. 123. 118. 121. 121. 110. 108.],109.67,117.22,113.44444444444444,125.0,115.0,108.0,110.0,118.0,115.0
gJB_sBM_cAll_d09_mJB5_ch06,gJB,sBM,cAll,d09,mJB5,ch06,130,[ 95.  98. 106. 144.  89.  97. 102. 111.],[ 73.  74.  73.  70. 120. 113. 115. 111.],105.25,93.62,99.4375,89.0,73.0,73.0,100.0,92.5,100.0
gJS_sBM_cAll_d03_mJS4_ch06,gJS,sBM,cAll,d03,mJS4,ch06,120,[116. 116. 116. 110. 114. 118. 115. 114.  72.],[ 92.  91.  73.  75. 134. 135. 128. 105. 103.],110.11,104.0,107.05555555555556,116.0,73.0,116.0,115.0,103.0,114.0
gJS_sBM_cAll_d02_mJS4_ch03,gJS,sBM,cAll,d02,mJS4,ch03,120,[ 73.  99. 144. 144. 109. 103.  78.  72. 141.],[126. 129. 130.  94.  73.  79.  88.  89.  89.],107.0,99.67,103.33333333333333,144.0,89.0,73.0,103.0,89.0,96.5
gMH_sFM_cAll_d22_mMH2_ch03,gMH,sFM,cAll,d22,mMH2,ch03,100,"[107. 104.  92.  80.  77.  86.  75.  72. 130.  98. 103. 104.  97.  91.
  80.  80.  93.  94.  97. 107. 112. 119. 121. 103. 104. 137. 144.  96.
  98. 110.  78. 101. 109. 108. 141. 135. 143. 100.  95.]","[102. 102. 104. 103.  95. 102. 102.  99. 101.  91. 103. 104.  98.  98.
  98. 102. 101.  98. 100. 102.  72.  72. 101. 102. 100. 102. 105. 140.
  93. 101. 112. 117. 115. 144. 144.  98. 104. 117. 126.]",103.1,104.36,103.73076923076923,80.0,102.0,102.0,101.0,102.0,102.0
gJB_sBM_cAll_d07_mJB2_ch06,gJB,sBM,cAll,d07,mJB2,ch06,100,[ 73.  84. 144. 144.  91. 100. 111. 120. 116. 117.],[ 81.  84.  86.  83.  83.  87.  87.  80.  71. 144.],110.0,88.6,99.3,144.0,83.0,144.0,113.5,83.5,87.0
gLH_sBM_cAll_d16_mLH1_ch07,gLH,sBM,cAll,d16,mLH1,ch07,90,[ 82.  82.  93.  96.  84. 144.  89.  86.  97.  85. 125.],[ 90.  95.  95.  89.  99.  86.  86.  92.  86.  99. 100.],96.64,92.45,94.54545454545455,82.0,86.0,86.0,89.0,92.0,91.0
gPO_sFM_cAll_d10_mPO4_ch05,gPO,sFM,cAll,d10,mPO4,ch05,120,"[ 75.  71. 118. 117. 121.  70.  93. 142. 136. 128. 144. 144. 125. 116.
 107.  97.  95. 119.  87.  70.  70.  72. 111.  70.  71.  74.  90.  87.
  81.  82. 143. 144.]","[123. 126. 131. 131. 111. 110. 119. 126. 119. 120. 124. 115. 119. 121.
 121. 121.  89.  83. 135. 100. 115. 123.  70.  70.  97.  95. 118.  88.
  86. 113. 114. 120.]",102.19,111.03,106.609375,70.0,119.0,70.0,96.0,118.5,114.5
gLH_sBM_cAll_d16_mLH0_ch01,gLH,sBM,cAll,d16,mLH0,ch01,80,[ 80.  84.  83.  78.  82.  82.  81.  80.  77.  85. 104.  86.  74.],[ 92.  78. 123. 125. 119. 126. 129. 123. 110.  92.  82. 111. 118.],82.77,109.85,96.3076923076923,80.0,92.0,82.0,82.0,118.0,85.5
gHO_sBM_cAll_d20_mHO0_ch06,gHO,sBM,cAll,d20,mHO0,ch06,110,[123.  73. 106.  70.  73.  73. 104. 117. 130.],[112. 114. 113. 110. 111. 110. 109. 109. 109.],96.56,110.78,103.66666666666667,73.0,109.0,73.0,104.0,110.0,109.5
gPO_sBM_cAll_d11_mPO4_ch06,gPO,sBM,cAll,d11,mPO4,ch06,120,[ 72. 142. 144.  80.  73. 135. 141. 114.  90.],[114. 116. 122. 117. 118. 117. 121. 114. 105.],110.11,116.0,113.05555555555556,72.0,114.0,114.0,114.0,117.0,116.5
gKR_sBM_cAll_d30_mKR4_ch10,gKR,sBM,cAll,d30,mKR4,ch10,120,[ 88.  93. 100. 110. 144.  97.  82.  87. 100.],[ 90.  94.  96.  94. 144. 133. 124.  82.  78.],100.11,103.89,102.0,100.0,94.0,82.0,97.0,94.0,95.0
gWA_sBM_cAll_d27_mWA2_ch04,gWA,sBM,cAll,d27,mWA2,ch04,100,[ 91.  92.  96.  99. 108. 106. 109. 108. 115. 119.],[125. 116. 106.  97. 128. 112. 102.  70.  72.  87.],104.3,101.5,102.9,108.0,70.0,106.0,107.0,104.0,106.0
gKR_sBM_cAll_d29_mKR1_ch05,gKR,sBM,cAll,d29,mKR1,ch05,90,[129. 126. 111. 144. 130. 131. 134. 125. 104.  84.  83.],[144. 144. 140. 136. 137. 137. 139. 126. 129. 135. 130.],118.27,136.09,127.18181818181819,83.0,137.0,144.0,126.0,137.0,130.5
gKR_sBM_cAll_d30_mKR5_ch06,gKR,sBM,cAll,d30,mKR5,ch06,130,[104.  98.  95. 102. 127.  92.  91. 142.],[105.  96.  96.  95.  97.  98. 105. 101.],106.38,99.12,102.75,91.0,96.0,95.0,100.0,97.5,98.0
gPO_sBM_cAll_d12_mPO5_ch04,gPO,sBM,cAll,d12,mPO5,ch04,130,[131. 128. 121. 132. 144. 125. 109. 105.],[ 73.  79. 131.  70.  90.  99.  86.  82.],124.38,88.75,106.5625,105.0,70.0,131.0,126.5,84.0,107.0
gPO_sBM_cAll_d10_mPO3_ch06,gPO,sBM,cAll,d10,mPO3,ch06,110,[80. 70. 98. 83. 70. 70. 70. 87. 87.],[129. 128. 115.  95.  88.  91.  97.  85. 107.],79.44,103.89,91.66666666666667,70.0,85.0,70.0,80.0,97.0,87.5
gWA_sBM_cAll_d27_mWA2_ch09,gWA,sBM,cAll,d27,mWA2,ch09,100,[ 88.  94.  86. 141. 128. 117. 132.  73.  82.  82.],[103. 117. 112. 112. 121. 131. 132. 115. 144. 142.],102.3,122.9,112.6,82.0,112.0,82.0,91.0,119.0,116.0
gJB_sBM_cAll_d09_mJB5_ch09,gJB,sBM,cAll,d09,mJB5,ch09,130,[124. 129.  93. 100. 110. 117. 116. 112.],[109. 107.  95.  96. 144.  79. 104. 108.],112.62,105.25,108.9375,93.0,79.0,79.0,114.0,105.5,108.5
gJB_sBM_cAll_d09_mJB2_ch03,gJB,sBM,cAll,d09,mJB2,ch03,100,[126. 119. 107. 104. 100. 100. 101. 103.  98.  91.],[111. 109. 105. 144. 100. 100.  99. 104.  96.  78.],104.9,104.6,104.75,100.0,100.0,100.0,102.0,102.0,102.0
gLO_sBM_cAll_d14_mLO0_ch06,gLO,sBM,cAll,d14,mLO0,ch06,80,[109. 102. 130. 105. 103. 100. 142. 130. 116. 100.  98.  91.  85.],[ 78.  88.  96. 128.  82.  94. 144.  98.  96. 132. 124. 103. 101.],108.54,104.92,106.73076923076923,100.0,96.0,96.0,103.0,98.0,101.5
gLO_sBM_cAll_d14_mLO5_ch03,gLO,sBM,cAll,d14,mLO5,ch03,130,[ 70.  75. 118. 142. 102. 120. 128. 129.],[111. 106.  70.  70.  70.  73.  83.  86.],110.5,83.62,97.0625,70.0,70.0,70.0,119.0,78.0,94.0
gKR_sBM_cAll_d30_mKR3_ch06,gKR,sBM,cAll,d30,mKR3,ch06,110,[112. 112. 113. 114. 112. 101.  82. 128. 128.],[112. 113. 114. 113. 112. 112. 110. 114. 120.],111.33,113.33,112.33333333333333,112.0,112.0,112.0,112.0,113.0,112.5
gHO_sBM_cAll_d20_mHO4_ch06,gHO,sBM,cAll,d20,mHO4,ch06,130,[ 77.  81. 132. 133. 129. 127. 127. 106.],[128. 129. 127. 127. 130. 130. 124. 122.],114.0,127.12,120.5625,127.0,127.0,127.0,127.0,127.5,127.0
gLO_sBM_cAll_d14_mLO4_ch03,gLO,sBM,cAll,d14,mLO4,ch03,120,[120. 129.  83. 111. 120. 116. 120. 117. 116.],[115. 109. 144.  91.  90. 131. 142.  97. 109.],114.67,114.22,114.44444444444444,120.0,109.0,120.0,117.0,109.0,116.0
gHO_sBM_cAll_d21_mHO5_ch04,gHO,sBM,cAll,d21,mHO5,ch04,135,[141.  71.  70. 135. 135. 134. 133. 133.],[137. 139. 136. 136. 135. 134. 135. 129.],119.0,135.12,127.0625,133.0,135.0,135.0,133.5,135.5,135.0
gJB_sBM_cAll_d07_mJB0_ch04,gJB,sBM,cAll,d07,mJB0,ch04,80,[127. 116. 122.  87.  89. 136. 144.  96.  93. 100. 107.  70.  78.],[ 84.  85. 102. 116.  86.  87.  81. 142.  80.  74.  70. 107.  99.],105.0,93.31,99.15384615384616,70.0,70.0,70.0,100.0,86.0,94.5
gBR_sBM_cAll_d06_mBR5_ch10,gBR,sBM,cAll,d06,mBR5,ch10,130,[144. 130. 133. 144.  99.  70.  97. 144.],[95. 98. 98. 98. 99. 99. 99. 88.],120.12,96.75,108.4375,144.0,98.0,99.0,131.5,98.0,99.0
gJB_sBM_cAll_d09_mJB3_ch05,gJB,sBM,cAll,d09,mJB3,ch05,110,[ 82.  75.  71. 140. 144. 139. 144. 144.  75.],[111. 105.  71.  84. 129. 136. 143.  70. 116.],112.67,107.22,109.94444444444444,144.0,70.0,144.0,139.0,111.0,113.5
gKR_sFM_cAll_d30_mKR5_ch20,gKR,sFM,cAll,d30,mKR5,ch20,130,"[136. 143. 144. 100. 114.  79.  79.  77. 138. 102.  89. 144. 121.  92.
  83. 144. 142. 132. 125. 122. 114.  95. 120. 120. 106.  74.  78. 144.
 144.  70.]","[ 90.  85. 144. 144.  86. 108. 141.  87.  84.  76. 133. 144.  99. 117.
  73.  80.  74. 123. 127. 136. 136. 129. 136. 132. 126.  97. 118. 136.
 137. 125.]",112.37,114.1,113.23333333333333,144.0,136.0,144.0,117.0,124.0,120.0
gMH_sBM_cAll_d23_mMH1_ch01,gMH,sBM,cAll,d23,mMH1,ch01,90,[101. 118. 129. 122.  82.  84.  96. 139. 131.  83.  86.],[108.  88.  90.  90.  90.  92.  89.  91.  89.  86.  89.],106.45,91.09,98.77272727272727,82.0,89.0,89.0,101.0,90.0,90.0
gPO_sBM_cAll_d10_mPO0_ch06,gPO,sBM,cAll,d10,mPO0,ch06,80,[ 78.  95.  70.  82.  99. 144. 144.  73.  77.  76.  70.  70.  75.],[105. 103.  99.  70.  82. 100. 106. 112. 144. 119. 119.  83.  86.],88.69,102.15,95.42307692307692,70.0,119.0,70.0,77.0,103.0,90.5
gWA_sBM_cAll_d27_mWA5_ch06,gWA,sBM,cAll,d27,mWA5,ch06,130,[121. 127. 122. 119. 114. 108. 123. 138.],[144. 144.  84.  97. 125. 123. 128. 133.],121.5,122.25,121.875,108.0,144.0,123.0,121.5,126.5,123.0
gJB_sBM_cAll_d07_mJB2_ch08,gJB,sBM,cAll,d07,mJB2,ch08,100,[ 96. 114. 119. 110. 111. 119. 112. 110. 112. 120.],[ 93. 100. 102. 144.  91.  93.  95.  97. 117.  72.],112.3,100.4,106.35,110.0,93.0,93.0,112.0,96.0,110.0
gLH_sBM_cAll_d16_mLH1_ch04,gLH,sBM,cAll,d16,mLH1,ch04,90,[ 82.  90.  97.  89.  84. 103. 110. 113. 110. 116. 117.],[131. 131. 139.  87.  97. 144.  92.  89.  86.  92.  93.],101.0,107.36,104.18181818181819,110.0,92.0,89.0,103.0,93.0,97.0
gPO_sBM_cAll_d10_mPO1_ch01,gPO,sBM,cAll,d10,mPO1,ch01,90,[97. 90. 90. 89. 88. 89. 95. 97. 91. 90. 91.],[85. 90. 90. 89. 92. 88. 91. 97. 92. 88. 90.],91.55,90.18,90.86363636363636,90.0,90.0,90.0,90.0,90.0,90.0
gJB_sBM_cAll_d09_mJB3_ch04,gJB,sBM,cAll,d09,mJB3,ch04,110,[ 80.  78.  74.  79. 138. 130. 127. 122. 114.],[ 76.  95.  94.  85.  79.  83.  77. 108. 109.],104.67,89.56,97.11111111111111,74.0,76.0,79.0,114.0,85.0,89.5
gLH_sBM_cAll_d18_mLH5_ch02,gLH,sBM,cAll,d18,mLH5,ch02,130,[100.  99. 108.  70.  96.  70.  70. 116.],[118. 100. 137. 132. 132. 130. 130.  76.],91.12,119.38,105.25,70.0,130.0,70.0,97.5,130.0,104.0
gKR_sBM_cAll_d29_mKR1_ch08,gKR,sBM,cAll,d29,mKR1,ch08,90,[144. 144. 144. 128. 135.  90. 138. 144. 126. 135. 144.],[ 99. 108. 129. 144. 107. 120.  89.  91.  86.  99. 112.],133.82,107.64,120.72727272727273,144.0,99.0,144.0,138.0,107.0,127.0
gKR_sBM_cAll_d30_mKR3_ch01,gKR,sBM,cAll,d30,mKR3,ch01,110,[ 86.  81.  82.  92.  86.  85. 105. 105.  96.],[110. 105. 106. 109. 110. 115. 115. 100.  95.],90.89,107.22,99.05555555555556,86.0,110.0,105.0,86.0,109.0,102.5
gLH_sBM_cAll_d17_mLH5_ch07,gLH,sBM,cAll,d17,mLH5,ch07,130,[ 92.  95.  90.  70.  88.  91.  92. 144.],[129. 133. 134. 128. 121. 127. 129. 130.],95.25,128.88,112.0625,92.0,129.0,92.0,91.5,129.0,124.0
gWA_sBM_cAll_d26_mWA5_ch04,gWA,sBM,cAll,d26,mWA5,ch04,130,[104. 103.  99.  99. 140. 133. 139.  73.],[106. 144.  70. 132. 133. 117. 102. 144.],111.25,118.5,114.875,99.0,144.0,99.0,103.5,124.5,111.5
gWA_sBM_cAll_d27_mWA4_ch08,gWA,sBM,cAll,d27,mWA4,ch08,120,[123. 120. 123. 126. 134. 125. 113.  75. 136.],[119. 110. 104. 105. 100. 101.  99. 135. 133.],119.44,111.78,115.61111111111111,123.0,99.0,123.0,123.0,105.0,119.5
gLO_sBM_cAll_d15_mLO3_ch06,gLO,sBM,cAll,d15,mLO3,ch06,110,[126. 125. 104. 114. 135. 132. 142. 144. 134.],[124.  82.  78.  81.  81.  81.  81.  84.  88.],128.44,86.67,107.55555555555556,104.0,81.0,81.0,132.0,81.0,109.0
gLO_sBM_cAll_d15_mLO2_ch03,gLO,sBM,cAll,d15,mLO2,ch03,100,[131. 122. 112. 108. 108. 115. 119. 111.  97. 144.],[129. 126.  70.  88.  92.  87. 143. 144. 106. 118.],116.7,110.3,113.5,108.0,70.0,108.0,113.5,112.0,113.5
gJB_sBM_cAll_d09_mJB5_ch07,gJB,sBM,cAll,d09,mJB5,ch07,130,[124. 126. 118. 119. 126.  82. 102. 111.],[111. 110.  70.  72.  94. 100.  98.  94.],113.5,93.62,103.5625,126.0,94.0,94.0,118.5,96.0,106.0
gHO_sBM_cAll_d20_mHO5_ch07,gHO,sBM,cAll,d20,mHO5,ch07,135,[131. 132.  70.  70.  70.  70.  72.  76.],[131. 132. 134.  70. 138.  70.  70.  70.],86.38,101.88,94.125,70.0,70.0,70.0,71.0,100.5,71.0
gPO_sBM_cAll_d10_mPO0_ch07,gPO,sBM,cAll,d10,mPO0,ch07,80,[ 77.  84.  83.  76.  75.  73.  82.  82.  75. 118. 136. 138. 133.],[111. 100.  87. 110. 130. 101. 114. 115. 110.  88.  78.  79.  97.],94.77,101.54,98.15384615384616,75.0,110.0,75.0,82.0,101.0,92.5
gPO_sBM_cAll_d11_mPO5_ch02,gPO,sBM,cAll,d11,mPO5,ch02,130,[126. 143. 144. 127. 112.  88.  71.  71.],[141. 139. 136. 124. 128. 132.  94. 107.],110.25,125.12,117.6875,71.0,94.0,71.0,119.0,130.0,126.5
gJS_sBM_cAll_d03_mJS2_ch03,gJS,sBM,cAll,d03,mJS2,ch03,100,[ 95.  93.  96. 135. 139.  96.  93. 143. 144.  75.],[111. 115.  70.  70.  70.  70.  70.  82. 123. 122.],110.9,90.3,100.6,93.0,70.0,70.0,96.0,76.0,95.5
gJB_sBM_cAll_d08_mJB0_ch03,gJB,sBM,cAll,d08,mJB0,ch03,80,[ 97. 113. 122. 128. 134.  70.  71.  70.  70.  72. 144.  97. 106.],[ 75.  70. 125. 132. 137. 139. 141. 141. 138. 143.  83.  90.  93.],99.54,115.92,107.73076923076923,70.0,141.0,70.0,97.0,132.0,109.5
gLO_sFM_cAll_d15_mLO4_ch21,gLO,sFM,cAll,d15,mLO4,ch21,120,"[132. 144.  94. 123. 131.  99.  97. 107. 111. 100. 144. 115. 124.  77.
  90. 107. 111. 119. 143. 141. 131. 141. 114. 108. 118. 127. 110. 102.
 144. 118. 134. 144.]","[140. 134. 125. 107.  73.  96. 144.  83.  73. 131.  97. 117. 117. 114.
 107. 114. 141. 144. 143.  70.  83.  77.  76.  78. 144. 103. 144. 129.
 135. 142. 143. 139.]",118.75,114.47,116.609375,144.0,144.0,144.0,118.0,117.0,117.5
gPO_sBM_cAll_d11_mPO0_ch10,gPO,sBM,cAll,d11,mPO0,ch10,80,[107. 100.  81.  70. 108. 106. 100.  84. 144. 144.  70. 135. 136.],[124. 116.  96. 105. 110.  99. 100. 100.  94.  82.  84.  85.  76.],106.54,97.77,102.15384615384616,70.0,100.0,100.0,106.0,99.0,100.0
gJB_sBM_cAll_d08_mJB4_ch01,gJB,sBM,cAll,d08,mJB4,ch01,120,[73. 72. 70. 70. 80. 75. 70. 81. 84.],[134. 141. 144. 130. 128.  70.  82.  78. 130.],75.0,115.22,95.11111111111111,70.0,130.0,70.0,73.0,130.0,80.5
gKR_sBM_cAll_d28_mKR2_ch01,gKR,sBM,cAll,d28,mKR2,ch01,100,[120. 124. 126. 127. 130. 131. 123. 118. 129. 135.],[135. 144.  87. 106.  97.  95. 101.  99. 107. 114.],126.3,108.5,117.4,118.0,87.0,135.0,126.5,103.5,121.5
gKR_sBM_cAll_d30_mKR2_ch01,gKR,sBM,cAll,d30,mKR2,ch01,100,[ 88.  80.  76.  78.  74. 141. 143. 144.  72. 144.],[110. 107.  96. 103. 101. 100. 105.  99.  99. 144.],104.0,106.4,105.2,144.0,99.0,144.0,84.0,102.0,100.5
gKR_sBM_cAll_d28_mKR3_ch02,gKR,sBM,cAll,d28,mKR3,ch02,110,[105. 106. 108. 109. 109. 113. 110. 106. 108.],[100. 111.  70. 119. 111. 113. 107. 144. 138.],108.22,112.56,110.38888888888889,106.0,111.0,106.0,108.0,111.0,109.0
gPO_sBM_cAll_d10_mPO2_ch01,gPO,sBM,cAll,d10,mPO2,ch01,100,[ 90. 103. 121. 126. 112.  95.  98.  97. 102. 101.],[ 90.  94.  99.  99. 100. 105.  87. 104.  70.  78.],104.5,92.6,98.55,90.0,99.0,90.0,101.5,96.5,99.0
gLO_sBM_cAll_d13_mLO1_ch01,gLO,sBM,cAll,d13,mLO1,ch01,90,[132. 125. 116.  94.  84.  86.  98. 143. 130. 121. 117.],[144. 144. 126. 141. 138. 107. 113. 117. 114. 122. 139.],113.27,127.73,120.5,84.0,144.0,117.0,117.0,126.0,121.5
gMH_sBM_cAll_d22_mMH0_ch01,gMH,sBM,cAll,d22,mMH0,ch01,80,[100.  93.  79.  80.  81.  79.  79.  78.  82.  83.  80.  74. 133.],[114.  70. 144. 121.  80.  80.  81.  94. 106.  93.  85.  88.  95.],86.23,96.23,91.23076923076923,79.0,80.0,80.0,80.0,93.0,82.5
gMH_sBM_cAll_d24_mMH2_ch07,gMH,sBM,cAll,d24,mMH2,ch07,100,[116. 102.  98.  99. 102. 102.  89.  99. 144. 138.],[101. 103. 103. 100. 100. 103.  99.  97.  97.  93.],108.9,99.6,104.25,102.0,103.0,99.0,102.0,100.0,100.5
gWA_sBM_cAll_d25_mWA3_ch09,gWA,sBM,cAll,d25,mWA3,ch09,110,[107. 105. 110. 113.  84. 106. 105. 109. 121.],[104. 105. 110.  70. 144. 103. 106. 110. 116.],106.67,107.56,107.11111111111111,105.0,110.0,105.0,107.0,106.0,106.5
gPO_sBM_cAll_d11_mPO4_ch09,gPO,sBM,cAll,d11,mPO4,ch09,120,[100. 112. 113. 103. 100. 107. 113. 105. 100.],[133. 124.  96.  96.  97. 118.  98.  99. 102.],105.89,107.0,106.44444444444444,100.0,96.0,100.0,105.0,99.0,102.5
gLO_sBM_cAll_d14_mLO0_ch04,gLO,sBM,cAll,d14,mLO0,ch04,80,[144. 120. 104. 105. 128. 142. 132. 111. 104.  75. 105. 109. 111.],[ 98. 100. 104.  80.  78.  82.  81.  74. 126. 135.  73.  70.  86.],114.62,91.31,102.96153846153847,104.0,70.0,104.0,111.0,82.0,104.0
gJS_sBM_cAll_d03_mJS3_ch10,gJS,sBM,cAll,d03,mJS3,ch10,110,[111. 111. 109.  70. 144. 144. 134. 133. 139.],[ 91.  87.  90. 138. 112. 111. 116. 126. 132.],121.67,111.44,116.55555555555556,111.0,87.0,111.0,133.0,112.0,114.0
gHO_sBM_cAll_d21_mHO5_ch08,gHO,sBM,cAll,d21,mHO5,ch08,135,[137. 109. 104. 100. 104. 132.  70.  82.],[135. 134. 102. 105. 106. 100. 104. 114.],104.75,112.5,108.625,104.0,100.0,104.0,104.0,105.5,104.5
gPO_sFM_cAll_d10_mPO5_ch06,gPO,sFM,cAll,d10,mPO5,ch06,130,"[111. 105.  87. 144. 104.  70.  92.  95. 106. 118. 136.  70.  96.  97.
  90.  92.  93.  84.  72. 121. 120. 113. 144. 129. 118. 120. 124. 132.
 132. 133.]","[109. 109. 118. 129.  89.  77. 131. 129. 131. 130.  88. 133. 123. 137.
 133. 131. 127.  70.  75. 100.  70.  70.  79. 109. 123. 108. 115.  70.
  70. 134.]",108.27,107.23,107.75,70.0,70.0,70.0,108.5,112.0,110.0
gBR_sBM_cAll_d04_mBR3_ch03,gBR,sBM,cAll,d04,mBR3,ch03,110,[106. 107. 111. 109. 112. 109. 110. 112. 109.],[107. 109. 109. 110. 111. 110. 110. 108.  94.],109.44,107.56,108.5,109.0,110.0,109.0,109.0,109.0,109.0
gWA_sBM_cAll_d27_mWA5_ch04,gWA,sBM,cAll,d27,mWA5,ch04,130,[107.  93.  77. 109. 108. 124. 133.  77.],[108. 101. 136. 144.  85.  83.  70. 112.],103.5,104.88,104.1875,77.0,70.0,77.0,107.5,104.5,107.5
gMH_sBM_cAll_d24_mMH5_ch04,gMH,sBM,cAll,d24,mMH5,ch04,130,[130. 131. 131. 130. 130. 131. 131. 128.],[132. 135.  78.  76.  80.  86.  81.  73.],130.25,92.62,111.4375,131.0,73.0,131.0,130.5,80.5,130.0
gKR_sBM_cAll_d30_mKR3_ch04,gKR,sBM,cAll,d30,mKR3,ch04,110,[131. 144. 104. 110. 113. 117. 110. 115. 132.],[118. 118. 110. 113. 111. 110. 112. 108. 116.],119.56,112.89,116.22222222222223,110.0,110.0,110.0,115.0,112.0,113.0
gWA_sBM_cAll_d26_mWA0_ch01,gWA,sBM,cAll,d26,mWA0,ch01,80,[ 80.  91.  97.  92.  90.  94.  88. 141. 136. 114. 115. 108. 144.],[ 93. 101. 116. 109. 102.  92.  78.  79.  95. 103. 114. 144. 144.],106.92,105.38,106.15384615384616,80.0,144.0,144.0,97.0,102.0,101.5
gLH_sFM_cAll_d17_mLH3_ch11,gLH,sFM,cAll,d17,mLH3,ch11,110,"[ 76. 144. 106.  84.  82.  99. 114. 121. 107. 105. 108. 111. 114. 109.
 108. 115. 106.  99. 129. 137.  95.  96. 108. 106. 108. 110. 112. 117.
 117. 114.  86.  88. 127. 120. 123.]","[112. 112. 116. 135. 130. 116. 113. 111. 122. 132. 109. 108. 115.  79.
 115. 127. 134.  92. 104.  70.  74.  76.  75. 118. 110. 105.  91.  98.
 111. 103.  91.  95. 109.  93. 136.]",108.6,106.77,107.68571428571428,108.0,91.0,108.0,108.0,110.0,109.0
gPO_sBM_cAll_d11_mPO4_ch08,gPO,sBM,cAll,d11,mPO4,ch08,120,[107. 112. 112. 111. 109. 141. 125. 125. 132.],[ 90.  77.  75.  96.  99.  88. 124. 115. 110.],119.33,97.11,108.22222222222223,112.0,75.0,112.0,112.0,96.0,110.5
gMH_sBM_cAll_d24_mMH3_ch01,gMH,sBM,cAll,d24,mMH3,ch01,110,[116. 116. 109. 106. 110. 113. 106. 106. 103.],[133.  70.  70. 112. 110. 119.  70.  70. 104.],109.44,95.33,102.38888888888889,106.0,70.0,70.0,109.0,104.0,107.5
gJB_sBM_cAll_d09_mJB4_ch05,gJB,sBM,cAll,d09,mJB4,ch05,120,[ 95.  96.  91.  86.  98. 111.  75.  84.  88.],[133.  71. 144. 144.  70. 117.  70.  70. 118.],91.56,104.11,97.83333333333333,75.0,70.0,70.0,91.0,117.0,93.0
gJB_sBM_cAll_d07_mJB1_ch02,gJB,sBM,cAll,d07,mJB1,ch02,90,[ 71.  74.  83.  90. 144. 144. 144. 134. 128. 133. 129.],[123. 131.  70.  70. 144. 144. 136.  70. 123. 114.  73.],115.82,108.91,112.36363636363636,144.0,70.0,144.0,129.0,123.0,125.5
gKR_sBM_cAll_d30_mKR3_ch07,gKR,sBM,cAll,d30,mKR3,ch07,110,[ 80. 144. 132. 138.  74. 142.  94.  91.  85.],[144. 129. 119. 109. 103. 144. 121. 117. 120.],108.89,122.89,115.88888888888889,74.0,144.0,144.0,94.0,120.0,119.5
gMH_sFM_cAll_d24_mMH5_ch20,gMH,sFM,cAll,d24,mMH5,ch20,130,"[ 90. 138.  70. 106. 106. 112.  97.  94.  95.  95. 103. 112. 118. 144.
 143. 123. 107. 105. 115. 116. 119. 128. 126. 131. 132. 129. 134. 127.
 127. 131.]","[144. 141. 144.  70. 116. 111. 144. 135.  85.  81.  93.  96.  99.  88.
  82.  85.  83.  72.  85.  89. 144. 135. 126. 126. 139.  71.  91.  86.
 133. 134.]",115.77,107.6,111.68333333333334,95.0,144.0,144.0,117.0,97.5,113.5
gKR_sBM_cAll_d28_mKR0_ch06,gKR,sBM,cAll,d28,mKR0,ch06,80,[ 77.  81.  86.  81.  76.  80.  81.  81.  81.  72.  73.  72. 138.],[128. 121. 122. 122. 121. 120. 122. 116. 116. 126. 119. 105. 102.],83.0,118.46,100.73076923076923,81.0,122.0,81.0,81.0,121.0,103.5
gHO_sBM_cAll_d20_mHO5_ch05,gHO,sBM,cAll,d20,mHO5,ch05,135,[136. 136. 135. 134. 132. 133.  70. 141.],[109. 113. 107. 102. 135. 140. 133. 131.],127.12,121.25,124.1875,136.0,102.0,133.0,134.5,122.0,133.0
gHO_sFM_cAll_d19_mHO2_ch07,gHO,sFM,cAll,d19,mHO2,ch07,120,"[136.  87.  82.  92. 108. 113. 143. 144. 109. 120. 127.  75.  73.  72.
 123. 115.  91.  92. 120. 124. 123. 128.  70. 102. 144. 142. 144. 120.
  70.  70.  72.  71.]","[118. 121. 121. 121. 118. 114. 105.  94. 116. 123. 128. 131.  81. 130.
 122. 118. 120. 122. 114. 113. 124. 130. 134.  85.  85. 112. 110. 119.
 124. 113. 112. 144.]",106.31,116.31,111.3125,70.0,118.0,120.0,111.0,118.5,118.0
gHO_sBM_cAll_d19_mHO1_ch02,gHO,sBM,cAll,d19,mHO1,ch02,115,[ 98. 107. 113. 111. 109. 116. 121. 115. 104.],[106. 107. 105. 108. 113. 114. 129. 129.  87.],110.44,110.89,110.66666666666667,98.0,129.0,107.0,111.0,108.0,110.0
gPO_sBM_cAll_d11_mPO4_ch05,gPO,sBM,cAll,d11,mPO4,ch05,120,[ 89. 106. 111.  94.  88.  99.  94.  80.  70.],[100. 106. 111. 115. 117. 128.  95. 112. 115.],92.33,111.0,101.66666666666667,94.0,115.0,94.0,94.0,112.0,103.0
gWA_sBM_cAll_d25_mWA2_ch05,gWA,sBM,cAll,d25,mWA2,ch05,100,[ 73.  79. 104. 110.  70.  76. 140. 142. 113.  78.],[ 81. 144. 144. 122. 123. 127. 125. 129. 129. 123.],98.5,124.7,111.6,70.0,123.0,123.0,91.5,126.0,122.5
gLO_sBM_cAll_d15_mLO3_ch09,gLO,sBM,cAll,d15,mLO3,ch09,110,[140. 142. 144. 144. 123. 122. 114. 100.  96.],[105.  83.  80.  85.  80.  80.  83.  85.  84.],125.0,85.0,105.0,144.0,80.0,80.0,123.0,83.0,98.0
gKR_sBM_cAll_d28_mKR0_ch08,gKR,sBM,cAll,d28,mKR0,ch08,80,[ 95. 101. 103. 105. 103.  96. 100. 104. 103.  98.  98. 112. 116.],[144.  82.  84.  83.  82.  80.  77.  80.  86.  80.  72. 136.  91.],102.62,90.54,96.57692307692308,103.0,80.0,80.0,103.0,82.0,97.0
gHO_sBM_cAll_d19_mHO0_ch01,gHO,sBM,cAll,d19,mHO0,ch01,110,[ 73.  71. 134. 144.  81.  82. 136.  89.  92.],[104. 106. 111. 109. 109. 108. 107. 113. 107.],100.22,108.22,104.22222222222223,71.0,107.0,107.0,89.0,108.0,107.0
gLH_sBM_cAll_d17_mLH1_ch05,gLH,sBM,cAll,d17,mLH1,ch05,90,[104. 107. 110. 112. 109. 103.  77.  70. 112. 124. 133.],[ 77.  74.  70. 114.  97.  82.  70. 144. 106. 112. 118.],105.55,96.73,101.13636363636364,112.0,70.0,70.0,109.0,97.0,106.5
gPO_sBM_cAll_d10_mPO2_ch04,gPO,sBM,cAll,d10,mPO2,ch04,100,[106. 101.  88.  79.  88.  94. 101.  96. 128. 127.],[ 72.  73.  72.  77.  79. 144. 130. 134. 144. 144.],100.8,106.9,103.85,88.0,144.0,144.0,98.5,104.5,98.5
gWA_sBM_cAll_d25_mWA1_ch02,gWA,sBM,cAll,d25,mWA1,ch02,90,[111. 104.  76. 144. 134. 125.  73.  70. 144.  93.  88.],[ 79.  87.  97.  93.  93. 104. 114.  85.  84.  86. 144.],105.64,96.91,101.27272727272727,144.0,93.0,93.0,104.0,93.0,93.0
gPO_sBM_cAll_d11_mPO0_ch04,gPO,sBM,cAll,d11,mPO0,ch04,80,[144.  97.  88.  86.  83. 144. 144. 142.  71.  70. 100. 138. 119.],[ 91. 138. 103. 103. 123. 124. 129. 138. 111. 119. 131. 144.  79.],109.69,117.92,113.8076923076923,144.0,103.0,144.0,100.0,123.0,119.0
gJB_sBM_cAll_d09_mJB5_ch01,gJB,sBM,cAll,d09,mJB5,ch01,130,[131. 128. 130. 122. 114. 111.  92.  80.],[144. 124. 111. 121. 116. 111.  82.  88.],113.5,112.12,112.8125,80.0,111.0,111.0,118.0,113.5,115.0
gPO_sBM_cAll_d10_mPO0_ch08,gPO,sBM,cAll,d10,mPO0,ch08,80,[141.  77.  87.  95. 140.  86.  77.  71. 111. 106.  94.  92. 100.],[ 86.  81. 110.  93. 144. 107. 106. 119. 144.  79.  87. 113. 120.],98.23,106.85,102.53846153846153,77.0,144.0,77.0,94.0,107.0,97.5
gJS_sBM_cAll_d02_mJS1_ch05,gJS,sBM,cAll,d02,mJS1,ch05,90,[117. 115. 123. 125. 132.  93.  84.  88.  91. 103. 113.],[ 88.  91.  96. 101. 144.  70.  73.  85.  91.  86.  86.],107.64,91.91,99.77272727272727,84.0,86.0,91.0,113.0,88.0,92.0
gJS_sBM_cAll_d02_mJS1_ch02,gJS,sBM,cAll,d02,mJS1,ch02,90,[126. 130. 137. 144. 143. 134. 144. 111. 103. 107. 106.],[ 95.  86.  76.  70.  70. 144. 144. 111. 102.  95.  95.],125.91,98.91,112.4090909090909,144.0,95.0,144.0,130.0,95.0,109.0
gLH_sFM_cAll_d18_mLH3_ch18,gLH,sFM,cAll,d18,mLH3,ch18,110,"[109.  94.  90. 108.  74.  94. 140. 111. 104. 109. 115. 133. 132. 131.
 119. 118. 115. 100.  95.  90.  84.  96. 106.  97.  89.  89. 136. 136.
 124. 126. 125.  77.  93. 144. 133.]","[ 98.  86. 144. 137.  83. 144. 140.  91.  70. 103.  79.  74.  86.  82.
 125. 100.  95. 111. 113. 122. 133. 115. 117. 124. 133.  70.  75.  71.
 113.  99.  80. 144. 133. 128. 118.]",109.6,106.74,108.17142857142858,89.0,133.0,133.0,109.0,111.0,109.0
gLH_sBM_cAll_d18_mLH3_ch09,gLH,sBM,cAll,d18,mLH3,ch09,110,[120. 112. 108. 108. 144. 144. 103. 108.  75.],[121. 113. 110. 111. 113. 115. 102. 108. 104.],113.56,110.78,112.16666666666667,108.0,113.0,108.0,108.0,111.0,110.5
gPO_sBM_cAll_d10_mPO3_ch09,gPO,sBM,cAll,d10,mPO3,ch09,110,[ 99.  96.  91.  91. 106. 102.  96.  84. 134.],[ 79.  84.  92. 105. 112.  88.  93.  81.  78.],99.89,90.22,95.05555555555556,91.0,78.0,84.0,96.0,88.0,92.5
gLH_sBM_cAll_d16_mLH0_ch10,gLH,sBM,cAll,d16,mLH0,ch10,80,[ 75.  81.  83.  83.  86.  81.  90. 102. 107. 111.  80.  89.  88.],[ 97. 107. 128.  70.  81.  97.  97.  90.  91.  87.  77.  83.  83.],88.92,91.38,90.15384615384616,81.0,97.0,83.0,86.0,90.0,87.5
gLH_sBM_cAll_d18_mLH2_ch08,gLH,sBM,cAll,d18,mLH2,ch08,100,[ 84. 100. 138. 135. 144. 120.  80.  70.  70.  72.],[129. 132. 129.  82. 144. 144. 132.  90.  86.  79.],101.3,114.7,108.0,70.0,129.0,144.0,92.0,129.0,110.0
gPO_sBM_cAll_d12_mPO2_ch07,gPO,sBM,cAll,d12,mPO2,ch07,100,[ 78.  70. 103.  78. 113.  96.  90.  81.  70. 136.],[130. 123. 102.  91. 143. 134. 111. 103.  91.  79.],91.5,110.7,101.1,70.0,91.0,70.0,85.5,107.0,99.0
gHO_sBM_cAll_d20_mHO4_ch03,gHO,sBM,cAll,d20,mHO4,ch03,130,[ 99. 102.  98.  98.  96.  98.  93.  97.],[132. 131. 130. 130. 128. 129. 122. 119.],97.62,127.62,112.625,98.0,130.0,98.0,98.0,129.5,110.5
gPO_sBM_cAll_d11_mPO1_ch08,gPO,sBM,cAll,d11,mPO1,ch08,90,[144. 116. 111. 107.  90.  93.  96.  89.  85.  89.  91.],[110. 100. 100. 107. 113. 114.  96.  84.  83. 124. 128.],101.0,105.36,103.18181818181819,89.0,100.0,89.0,93.0,107.0,100.0
gPO_sBM_cAll_d11_mPO4_ch01,gPO,sBM,cAll,d11,mPO4,ch01,120,[115. 117. 119. 120. 121. 120. 121. 117. 119.],[114. 113. 121. 121. 121. 119. 120. 111. 105.],118.78,116.11,117.44444444444444,117.0,121.0,121.0,119.0,119.0,119.0
gJS_sBM_cAll_d01_mJS1_ch10,gJS,sBM,cAll,d01,mJS1,ch10,90,[125. 124. 124. 120.  82.  84. 144. 134.  95. 108. 119.],[ 81.  86. 144. 131.  97.  93.  83. 126. 144. 144. 136.],114.45,115.0,114.72727272727273,124.0,144.0,144.0,120.0,126.0,122.0
gLH_sBM_cAll_d17_mLH5_ch01,gLH,sBM,cAll,d17,mLH5,ch01,130,[101.  97.  96.  97.  96.  97.  99. 113.],[ 91.  72. 128. 130. 130. 126. 124. 124.],99.5,115.62,107.5625,97.0,124.0,97.0,97.0,125.0,100.0
gJS_sBM_cAll_d03_mJS5_ch06,gJS,sBM,cAll,d03,mJS5,ch06,130,[ 86. 128. 121. 119.  92.  74. 120. 122.],[ 82.  86.  81.  74. 139. 132. 134.  73.],107.75,100.12,103.9375,74.0,73.0,74.0,119.5,84.0,105.5
gMH_sBM_cAll_d23_mMH5_ch07,gMH,sBM,cAll,d23,mMH5,ch07,130,[104.  97. 112.  70.  74.  72.  92. 109.],[143. 126. 127. 130. 128. 130. 122. 119.],91.25,128.12,109.6875,70.0,130.0,130.0,94.5,127.5,115.5
gLH_sFM_cAll_d18_mLH0_ch15,gLH,sFM,cAll,d18,mLH0,ch15,80,"[109. 109.  92.  99. 144. 120. 122.  88.  94. 144. 144. 132. 133. 144.
 144. 114.  98.  98.  94.  90.  86.  80. 100. 102.  84.  77. 144.  99.
  90. 136. 129. 125. 131.  87.  85.  92. 142. 141. 113. 144. 136. 144.
 144.  97. 136. 114. 113. 120.]","[110. 118. 132.  88.  98. 135. 129. 109. 108.  94. 132. 144. 144.  98.
  86.  80.  84.  81.  80.  87.  84.  73.  79.  72. 139.  86.  81.  90.
  93.  85.  83.  90. 101. 119. 115.  91.  99. 144. 136. 135. 134. 140.
 136.  99. 108.  70.  70. 120.]",114.65,104.35,109.5,144.0,144.0,144.0,113.5,98.5,108.0
gPO_sBM_cAll_d10_mPO1_ch04,gPO,sBM,cAll,d10,mPO1,ch04,90,[112.  70.  95.  93.  76.  80.  91. 113. 121. 117. 120.],[ 93. 102. 144. 144. 106. 108. 105. 107. 144. 128. 114.],98.91,117.73,108.31818181818181,70.0,144.0,144.0,95.0,108.0,107.5
gKR_sBM_cAll_d28_mKR3_ch01,gKR,sBM,cAll,d28,mKR3,ch01,110,[ 95.  87. 126. 136. 137. 140. 142. 129. 132.],[126. 110. 106. 108. 108. 112. 111. 118. 136.],124.89,115.0,119.94444444444444,87.0,108.0,108.0,132.0,111.0,122.0
gJB_sBM_cAll_d07_mJB3_ch08,gJB,sBM,cAll,d07,mJB3,ch08,110,[ 86.  86.  89. 104. 113. 109.  70.  70.  70.],[129. 120. 106. 100.  70.  75. 107. 111. 144.],88.56,106.89,97.72222222222223,70.0,70.0,70.0,86.0,107.0,102.0
gKR_sBM_cAll_d30_mKR5_ch02,gKR,sBM,cAll,d30,mKR5,ch02,130,[103.  99.  97. 100. 100.  95.  86.  81.],[140. 127. 126. 132. 131. 129. 114. 100.],95.12,124.88,110.0,100.0,100.0,100.0,98.0,128.0,101.5
gLH_sBM_cAll_d17_mLH1_ch03,gLH,sBM,cAll,d17,mLH1,ch03,90,[131. 123. 101.  88.  96.  94. 124. 119. 121. 109.  99.],[120. 126.  70.  70. 133. 129. 102.  85.  86.  91. 127.],109.55,103.55,106.54545454545455,88.0,70.0,70.0,109.0,102.0,105.5
gLO_sBM_cAll_d15_mLO5_ch09,gLO,sBM,cAll,d15,mLO5,ch09,130,[101.  99.  98. 131. 103. 144.  70. 144.],[ 87. 102. 100.  95. 101.  98.  96. 144.],111.25,102.88,107.0625,144.0,87.0,144.0,102.0,99.0,100.5
gMH_sBM_cAll_d23_mMH5_ch08,gMH,sBM,cAll,d23,mMH5,ch08,130,[100. 102. 130. 131. 130. 125. 121. 129.],[128. 126. 128. 131. 130. 128. 127. 122.],121.0,127.5,124.25,130.0,128.0,128.0,127.0,128.0,128.0
gBR_sBM_cAll_d04_mBR2_ch09,gBR,sBM,cAll,d04,mBR2,ch09,100,[124. 124. 128. 126. 119. 125. 126. 126. 119. 114.],[102. 100. 102. 102.  98.  98. 108.  97.  90.  86.],123.1,98.3,110.7,126.0,102.0,102.0,124.5,99.0,111.0
gMH_sBM_cAll_d22_mMH1_ch04,gMH,sBM,cAll,d22,mMH1,ch04,90,[92. 94. 95. 92. 87. 88. 90. 91. 89. 89. 87.],[ 93.  91.  90.  89.  82. 138. 109.  91.  87.  77. 114.],90.36,96.45,93.4090909090909,87.0,91.0,87.0,90.0,91.0,90.5
gLO_sBM_cAll_d13_mLO0_ch09,gLO,sBM,cAll,d13,mLO0,ch09,80,[ 84. 124. 122. 128. 126.  90. 144. 126. 111. 115. 121.  72.  84.],[94. 90. 80. 80. 88. 81. 76. 83. 78. 77. 86. 92. 97.],111.31,84.77,98.03846153846153,84.0,80.0,80.0,121.0,83.0,90.0
gLH_sBM_cAll_d17_mLH0_ch08,gLH,sBM,cAll,d17,mLH0,ch08,80,[123. 119. 111. 144. 119. 133. 144.  90.  80.  81.  78. 144. 134.],[144.  97. 112.  77.  82. 126. 124. 117.  83. 132. 144. 144.  97.],115.38,113.77,114.57692307692308,144.0,144.0,144.0,119.0,117.0,119.0
gWA_sBM_cAll_d27_mWA4_ch01,gWA,sBM,cAll,d27,mWA4,ch01,120,[117. 113. 124. 124. 111. 107. 107. 125. 124.],[ 80. 124. 114. 106.  96. 113. 118. 120. 120.],116.89,110.11,113.5,124.0,120.0,124.0,117.0,114.0,115.5
gHO_sBM_cAll_d21_mHO2_ch05,gHO,sBM,cAll,d21,mHO2,ch05,120,[120. 120. 119. 114.  95.  93.  70. 121. 144.],[119. 116. 118. 120. 122. 120. 118. 121. 133.],110.67,120.78,115.72222222222223,120.0,118.0,120.0,119.0,120.0,119.5
gLH_sBM_cAll_d17_mLH4_ch07,gLH,sBM,cAll,d17,mLH4,ch07,120,[140. 144.  91.  91.  93.  95. 114. 114. 100.],[ 95.  84. 121. 123.  90. 117. 122. 120. 119.],109.11,110.11,109.61111111111111,91.0,84.0,91.0,100.0,119.0,114.0
gBR_sBM_cAll_d04_mBR0_ch04,gBR,sBM,cAll,d04,mBR0,ch04,80,[ 92.  97. 111. 125.  90. 112. 107.  94. 104. 101.  96.  94. 143.],[82. 82. 82. 83. 78. 80. 86. 79. 78. 81. 78. 83. 90.],105.08,81.69,93.38461538461539,94.0,78.0,78.0,101.0,82.0,90.0
gHO_sBM_cAll_d21_mHO4_ch03,gHO,sBM,cAll,d21,mHO4,ch03,130,[81. 94. 96. 98. 98. 99. 93. 81.],[ 91. 102. 127. 130. 131. 100.  96.  90.],92.5,108.38,100.4375,81.0,90.0,81.0,95.0,101.0,97.0
gMH_sBM_cAll_d24_mMH4_ch04,gMH,sBM,cAll,d24,mMH4,ch04,120,[124. 121. 118. 121. 120. 120. 121. 121. 116.],[92. 83. 79. 76. 70. 77. 78. 78. 75.],120.22,78.67,99.44444444444444,121.0,78.0,121.0,121.0,78.0,104.0
gLH_sFM_cAll_d17_mLH4_ch12,gLH,sFM,cAll,d17,mLH4,ch12,120,"[ 98.  92.  79.  83. 104. 122. 138. 143. 111.  84.  78.  83. 138. 144.
  97. 104. 115. 113. 104. 112. 139. 134. 135. 105. 119. 122. 118. 108.
  87. 137.  94. 100.]","[ 84.  93. 132. 119. 118. 126. 121. 103.  95. 125. 119. 117. 100.  79.
  70.  70.  77.  79.  78.  84.  94. 102. 122. 144.  86. 106. 119. 122.
 124. 127.  76.  93.]",110.62,103.25,106.9375,104.0,119.0,119.0,109.5,102.5,105.5
gKR_sBM_cAll_d29_mKR0_ch08,gKR,sBM,cAll,d29,mKR0,ch08,80,[131. 134. 124. 120. 127. 125. 121. 121. 117. 112. 144. 144.  80.],[ 83.  99. 116. 124.  96. 111.  96.  94. 111. 121. 126. 115. 106.],123.08,107.54,115.3076923076923,121.0,96.0,121.0,124.0,111.0,118.5
gPO_sBM_cAll_d11_mPO4_ch07,gPO,sBM,cAll,d11,mPO4,ch07,120,[127. 137.  87. 115.  99. 137.  77.  89.  90.],[ 90. 120. 126. 121. 118. 120. 119. 114. 114.],106.44,115.78,111.11111111111111,137.0,114.0,90.0,99.0,119.0,116.5
gLH_sBM_cAll_d18_mLH2_ch10,gLH,sBM,cAll,d18,mLH2,ch10,100,[120.  70.  77. 100. 109.  97. 101. 100. 100. 103.],[ 84.  71. 107. 104. 143. 109. 110.  96.  70. 144.],97.7,103.8,100.75,100.0,70.0,100.0,100.0,105.5,100.5
gBR_sBM_cAll_d05_mBR5_ch01,gBR,sBM,cAll,d05,mBR5,ch01,130,[ 72.  70. 123. 120. 122. 122. 121. 129.],[144. 144. 140. 135. 119. 111.  90.  97.],109.88,122.5,116.1875,122.0,144.0,122.0,121.5,127.0,121.5
gLH_sBM_cAll_d18_mLH3_ch04,gLH,sBM,cAll,d18,mLH3,ch04,110,[129. 109. 106. 103.  85.  73.  91. 130.  74.],[116.  98. 138. 118. 104. 110. 110. 106. 111.],100.0,112.33,106.16666666666667,73.0,110.0,106.0,103.0,110.0,107.5
gBR_sBM_cAll_d04_mBR0_ch09,gBR,sBM,cAll,d04,mBR0,ch09,80,[ 95.  94. 141.  75.  88. 111.  71.  86.  81.  75. 134. 142. 144.],[136.  72.  76.  86.  86.  83.  78.  77.  81.  82.  84.  86.  88.],102.85,85.77,94.3076923076923,75.0,86.0,86.0,94.0,83.0,86.0
gJS_sBM_cAll_d03_mJS3_ch02,gJS,sBM,cAll,d03,mJS3,ch02,110,[144. 144. 137. 133.  70. 133.  88.  93. 144.],[109. 110. 133. 139. 124. 117. 113. 118.  70.],120.67,114.78,117.72222222222223,144.0,70.0,133.0,133.0,117.0,121.0
gJB_sFM_cAll_d07_mJB4_ch05,gJB,sFM,cAll,d07,mJB4,ch05,120,"[119. 128. 134. 136. 141.  73. 144.  93.  77. 116. 118. 132. 144. 144.
 144. 142. 135.  95. 144. 109.  76.  75.  82.  84.  79.  74.  72.  77.
  78. 119.  73.  72.]","[109. 115. 124.  72. 102. 105. 119.  70. 123.  70.  77.  84.  77.  70.
 141. 144.  86.  94. 112. 140. 144. 115. 115.  74.  78. 144. 110. 124.
 126. 118. 109. 100.]",107.16,105.97,106.5625,144.0,70.0,144.0,112.5,109.5,109.5
gLH_sBM_cAll_d17_mLH5_ch03,gLH,sBM,cAll,d17,mLH5,ch03,130,[141.  70.  70. 129. 130.  70.  70. 121.],[141.  70. 131. 133. 131. 126.  70.  79.],100.12,110.12,105.125,70.0,70.0,70.0,95.5,128.5,123.5
gWA_sBM_cAll_d26_mWA0_ch02,gWA,sBM,cAll,d26,mWA0,ch02,80,[108. 109. 120. 111.  84.  77.  85.  96. 100.  96.  87. 142. 132.],[144. 144. 144. 127. 139. 124.  79.  93.  96. 142. 137. 140. 144.],103.62,127.15,115.38461538461539,96.0,144.0,144.0,100.0,139.0,115.5
gJS_sBM_cAll_d01_mJS0_ch05,gJS,sBM,cAll,d01,mJS0,ch05,80,[ 77.  70.  70.  96. 102.  95.  79.  81.  88.  87. 144.  70. 120.],[129. 130.  87.  98. 102.  92.  87.  86. 144. 143. 129.  75. 138.],90.69,110.77,100.73076923076923,70.0,87.0,70.0,87.0,102.0,93.5
gLH_sBM_cAll_d17_mLH4_ch06,gLH,sBM,cAll,d17,mLH4,ch06,120,[135. 117.  86.  98. 120. 135.  74.  79. 113.],[120. 120. 122. 125. 119. 115. 121. 118. 110.],106.33,118.89,112.61111111111111,135.0,120.0,120.0,113.0,120.0,118.5
gJB_sBM_cAll_d07_mJB2_ch10,gJB,sBM,cAll,d07,mJB2,ch10,100,[ 84.  76. 120. 118. 105.  93. 107. 113. 130. 141.],[106.  96. 106. 135. 136. 107.  93. 144. 139. 139.],108.7,120.1,114.4,76.0,106.0,93.0,110.0,121.0,110.0
gBR_sBM_cAll_d06_mBR4_ch10,gBR,sBM,cAll,d06,mBR4,ch10,120,[119. 131.  76. 104. 121. 132.  86. 107. 124.],[ 95.  95.  94.  89.  87.  87.  90. 144.  75.],111.11,95.11,103.11111111111111,76.0,87.0,87.0,119.0,90.0,95.0
gHO_sBM_cAll_d19_mHO3_ch03,gHO,sBM,cAll,d19,mHO3,ch03,125,[ 96.  99. 144.  94.  70. 123.  79.  99.],[126. 122. 124. 124. 125. 124. 120. 120.],100.5,123.12,111.8125,99.0,124.0,124.0,97.5,124.0,121.0
gMH_sBM_cAll_d24_mMH2_ch02,gMH,sBM,cAll,d24,mMH2,ch02,100,[113. 116.  80. 103. 118.  83.  82.  76.  70. 116.],[125. 118. 102. 108. 114. 118. 110. 144. 144. 119.],95.7,120.2,107.95,116.0,118.0,118.0,93.0,118.0,113.5
gKR_sBM_cAll_d30_mKR2_ch07,gKR,sBM,cAll,d30,mKR2,ch07,100,[ 97.  91.  99. 101.  87. 144. 115. 127. 134. 105.],[ 92.  91. 101. 101.  98. 100. 101. 103.  99.  93.],110.0,97.9,103.95,87.0,101.0,101.0,103.0,99.5,100.5
gJS_sBM_cAll_d03_mJS5_ch07,gJS,sBM,cAll,d03,mJS5,ch07,130,[ 72.  70. 138. 144. 115. 129. 140. 125.],[129. 109.  95.  87. 127. 132. 139. 144.],116.62,120.25,118.4375,70.0,87.0,129.0,127.0,128.0,128.0
gHO_sBM_cAll_d21_mHO5_ch02,gHO,sBM,cAll,d21,mHO5,ch02,135,[127. 134. 136.  70.  70. 132. 135. 136.],[130. 131. 133. 132. 131. 135. 140. 142.],117.5,134.25,125.875,70.0,131.0,70.0,133.0,132.5,132.5
gPO_sBM_cAll_d10_mPO2_ch02,gPO,sBM,cAll,d10,mPO2,ch02,100,[ 91. 144. 137.  70. 132.  73.  84.  81.  70. 131.],[135. 144. 102.  96.  99. 102. 100. 101.  96.  93.],101.3,106.8,104.05,70.0,96.0,70.0,87.5,100.5,99.5
gWA_sBM_cAll_d27_mWA2_ch06,gWA,sBM,cAll,d27,mWA2,ch06,100,[109. 120.  85.  89.  81.  78.  83. 103. 105. 102.],[120. 109. 107. 119. 143. 144. 142. 104. 109. 111.],95.5,120.8,108.15,78.0,109.0,109.0,95.5,115.0,108.0
gHO_sBM_cAll_d20_mHO5_ch09,gHO,sBM,cAll,d20,mHO5,ch09,135,[133. 132. 130. 133.  70.  70.  70. 131.],[129. 131. 134. 135. 136. 138. 133. 126.],108.62,132.75,120.6875,70.0,126.0,70.0,130.5,133.5,131.5
gKR_sBM_cAll_d28_mKR2_ch05,gKR,sBM,cAll,d28,mKR2,ch05,100,[120. 103.  97. 102.  98. 100. 100. 102. 120. 141.],[141.  86.  88. 142.  96. 144. 116. 123.  70.  71.],108.3,107.7,108.0,100.0,70.0,100.0,102.0,106.0,102.0
gJB_sBM_cAll_d09_mJB3_ch02,gJB,sBM,cAll,d09,mJB3,ch02,110,[ 72. 116. 111. 101. 121. 121. 118.  72. 138.],[116. 116. 116. 107.  98.  70. 144. 135. 122.],107.78,113.78,110.77777777777777,72.0,116.0,116.0,116.0,116.0,116.0
gLH_sBM_cAll_d17_mLH4_ch02,gLH,sBM,cAll,d17,mLH4,ch02,120,[114. 117. 124. 122. 124. 115. 120. 128. 129.],[112. 116. 119. 122. 122.  89. 101. 104.  96.],121.44,109.0,115.22222222222223,124.0,122.0,122.0,122.0,112.0,118.0
gBR_sFM_cAll_d06_mBR1_ch15,gBR,sFM,cAll,d06,mBR1,ch15,90,"[ 96.  96.  92.  81. 135. 120. 103.  82. 121. 113. 115.  73.  75.  80.
  70. 112. 129.  70.  78.  98. 140.  88. 104. 119.  87.  91. 101. 131.
 130. 124. 126.  77.  83. 144.  96. 109. 122. 100.  94. 144.  70. 112.
 115.]","[101.  95.  93.  92.  88.  90. 102.  98.  84.  83.  99. 102. 108. 122.
  70. 101.  96.  91.  95.  92.  88.  88.  99.  92.  86.  95.  88.  90.
 104. 116. 110.  92.  85.  97.  86.  89.  86.  80.  83. 130. 127. 139.
 142.]",103.4,97.53,100.46511627906976,70.0,88.0,88.0,101.0,93.0,96.0
gBR_sBM_cAll_d06_mBR2_ch01,gBR,sBM,cAll,d06,mBR2,ch01,100,[ 98. 103. 107. 141.  77.  78.  74.  76.  75.  85.],[107. 104. 101.  97. 101. 103. 100.  99.  93.  87.],91.4,99.2,95.3,74.0,101.0,101.0,81.5,100.5,98.5
gKR_sBM_cAll_d29_mKR5_ch02,gKR,sBM,cAll,d29,mKR5,ch02,130,[128.  84.  82.  90. 106.  71.  70. 129.],[ 75.  70. 120. 120. 132. 131.  70.  76.],95.0,99.25,97.125,70.0,70.0,70.0,87.0,98.0,87.0
gKR_sBM_cAll_d28_mKR0_ch07,gKR,sBM,cAll,d28,mKR0,ch07,80,[122. 129. 129. 113. 112.  88.  94. 144. 143. 109. 130. 133. 126.],[112. 117. 119.  78.  86. 117. 122. 125. 114. 120. 126. 118. 118.],120.92,113.23,117.07692307692308,129.0,117.0,112.0,126.0,118.0,118.5
gKR_sBM_cAll_d28_mKR0_ch04,gKR,sBM,cAll,d28,mKR0,ch04,80,[141.  70. 126. 141. 128. 121. 104. 136. 131.  72.  77. 114. 120.],[ 81.  87.  88.  77.  77.  78.  79.  86.  86.  76.  82. 119. 110.],113.92,86.62,100.26923076923077,141.0,77.0,77.0,121.0,82.0,87.5
gJB_sBM_cAll_d07_mJB3_ch04,gJB,sBM,cAll,d07,mJB3,ch04,110,[ 88.  98. 101. 106. 108.  77. 112. 108.  92.],[123. 123. 132.  71.  76.  75.  73.  70. 111.],98.89,94.89,96.88888888888889,108.0,123.0,108.0,101.0,76.0,99.5
gBR_sBM_cAll_d05_mBR0_ch02,gBR,sBM,cAll,d05,mBR0,ch02,80,[120.  94.  94. 104.  98. 103. 107. 125. 137. 143. 144.  96.  98.],[ 95.  85.  77.  77.  78.  83.  85. 132. 132. 118. 115. 131.  86.],112.54,99.54,106.03846153846153,94.0,77.0,77.0,104.0,86.0,100.5
gWA_sBM_cAll_d26_mWA1_ch01,gWA,sBM,cAll,d26,mWA1,ch01,90,[104. 141. 144. 144. 140. 129. 116.  77. 141. 106. 109.],[119. 118. 124.  89. 104. 109. 109. 114. 123. 139. 144.],122.82,117.45,120.13636363636364,141.0,109.0,109.0,129.0,118.0,118.5
gKR_sBM_cAll_d29_mKR0_ch05,gKR,sBM,cAll,d29,mKR0,ch05,80,[100. 114. 127. 123. 120. 132. 136.  95. 118. 132. 144. 144. 144.],[144. 144. 131. 144. 144. 129. 124. 144. 144. 144. 144. 144. 101.],125.31,137.0,131.15384615384616,144.0,144.0,144.0,127.0,144.0,134.0
gLO_sBM_cAll_d14_mLO4_ch09,gLO,sBM,cAll,d14,mLO4,ch09,120,[106.  99.  89.  85.  75. 144. 144. 112. 105.],[102.  89.  90.  95.  94. 125. 123. 113. 104.],106.56,103.89,105.22222222222223,144.0,89.0,89.0,105.0,102.0,103.0
gMH_sBM_cAll_d22_mMH0_ch03,gMH,sBM,cAll,d22,mMH0,ch03,80,[ 80.  86.  85.  76.  79.  84. 126.  87.  80.  74.  83.  90.  93.],[ 70.  74.  79.  82.  78.  79.  84.  81.  82.  77.  76. 137. 137.],86.38,87.38,86.88461538461539,80.0,79.0,79.0,84.0,79.0,81.5
gKR_sBM_cAll_d28_mKR3_ch04,gKR,sBM,cAll,d28,mKR3,ch04,110,[123. 112. 105. 107. 112. 106. 109. 112. 115.],[144. 144. 106. 105. 107. 107. 109. 116. 144.],111.22,120.22,115.72222222222223,112.0,144.0,107.0,112.0,109.0,110.5
gHO_sBM_cAll_d21_mHO3_ch02,gHO,sBM,cAll,d21,mHO3,ch02,125,[ 73. 144. 140. 127. 130.  70.  70.  70.],[144. 143. 123. 121. 123. 126. 125. 121.],103.0,128.25,115.625,70.0,121.0,70.0,100.0,124.0,124.0
gPO_sBM_cAll_d10_mPO0_ch10,gPO,sBM,cAll,d10,mPO0,ch10,80,[ 73.  70. 119.  80.  72.  70.  74.  75.  75.  76.  88.  96.  96.],[ 88.  84. 123. 129.  99.  88.  84. 144. 139.  74.  77.  71. 133.],81.85,102.54,92.1923076923077,70.0,84.0,88.0,75.0,88.0,84.0
gJS_sBM_cAll_d02_mJS1_ch03,gJS,sBM,cAll,d02,mJS1,ch03,90,[107. 108.  98.  82. 135.  95.  71. 116.  98.  94. 108.],[123. 117. 112.  86.  79.  70. 127.  82.  84.  86. 127.],101.09,99.36,100.22727272727273,98.0,86.0,82.0,98.0,86.0,98.0
gJS_sBM_cAll_d03_mJS4_ch08,gJS,sBM,cAll,d03,mJS4,ch08,120,[133. 123. 122. 123. 121. 144. 144. 138. 138.],[120. 120. 120. 120. 121. 116. 123. 144. 144.],131.78,125.33,128.55555555555554,123.0,120.0,120.0,133.0,120.0,123.0
gHO_sBM_cAll_d21_mHO5_ch01,gHO,sBM,cAll,d21,mHO5,ch01,135,[129. 132. 134. 134. 136. 135. 136. 138.],[108. 134. 132. 133. 136. 135. 128. 119.],134.25,128.12,131.1875,134.0,108.0,134.0,134.5,132.5,134.0
gLO_sBM_cAll_d15_mLO2_ch07,gLO,sBM,cAll,d15,mLO2,ch07,100,[106. 106. 113. 129. 113. 101. 108. 124. 133. 132.],[ 89.  85.  81.  89.  89. 104.  70.  70. 129. 133.],116.5,93.9,105.2,106.0,89.0,89.0,113.0,89.0,106.0
gHO_sBM_cAll_d19_mHO0_ch04,gHO,sBM,cAll,d19,mHO0,ch04,110,[ 72. 144. 106. 110. 112. 110. 107. 111. 116.],[101. 104. 107. 109. 110. 109. 109. 111. 113.],109.78,108.11,108.94444444444444,110.0,109.0,109.0,110.0,109.0,109.5
gHO_sBM_cAll_d20_mHO0_ch03,gHO,sBM,cAll,d20,mHO0,ch03,110,[97. 93. 80. 84. 87. 77. 79. 81. 92.],[110. 109. 109. 108. 109. 106. 107. 111. 111.],85.56,108.89,97.22222222222223,77.0,109.0,109.0,84.0,109.0,101.5
gJB_sBM_cAll_d09_mJB4_ch04,gJB,sBM,cAll,d09,mJB4,ch04,120,[122. 116. 102.  96. 103. 115. 123. 123. 119.],[144. 144. 144.  72. 137. 131. 124. 119. 119.],113.22,126.0,119.61111111111111,123.0,144.0,119.0,116.0,131.0,120.5
gBR_sBM_cAll_d04_mBR1_ch02,gBR,sBM,cAll,d04,mBR1,ch02,90,[ 96. 110. 123.  83.  91.  90.  91.  93.  85.  93.  99.],[129. 124. 134. 144.  74. 144. 127. 126. 144. 100. 110.],95.82,123.27,109.54545454545455,91.0,144.0,144.0,93.0,127.0,105.0
gHO_sBM_cAll_d20_mHO1_ch07,gHO,sBM,cAll,d20,mHO1,ch07,115,[ 75.  70. 118. 114. 116. 116. 114. 120. 127.],[117. 116. 116. 115. 116. 115. 116. 116. 116.],107.78,115.89,111.83333333333333,114.0,116.0,116.0,116.0,116.0,116.0
gLO_sBM_cAll_d13_mLO0_ch07,gLO,sBM,cAll,d13,mLO0,ch07,80,[ 72. 140. 143.  75.  84.  83.  74.  77.  83.  83. 144. 112. 107.],[ 82.  86.  85.  74. 112.  87.  80.  79.  80.  78.  75.  71. 136.],98.23,86.54,92.38461538461539,83.0,80.0,83.0,83.0,80.0,83.0
gPO_sBM_cAll_d10_mPO1_ch08,gPO,sBM,cAll,d10,mPO1,ch08,90,[126. 125. 111. 104. 114.  70. 144. 144. 144. 136. 136.],[99. 95. 99. 95. 88. 97. 92. 91. 98. 90. 88.],123.09,93.82,108.45454545454545,144.0,88.0,144.0,126.0,95.0,99.0
gPO_sBM_cAll_d11_mPO5_ch10,gPO,sBM,cAll,d11,mPO5,ch10,130,[118. 113. 112. 121. 126. 140. 131. 121.],[113. 111. 101.  88.  98. 105. 100.  89.],122.75,100.62,111.6875,121.0,88.0,113.0,121.0,100.5,112.5
gHO_sBM_cAll_d19_mHO3_ch08,gHO,sBM,cAll,d19,mHO3,ch08,125,[144. 144. 144. 144. 132. 135. 125. 117.],[108.  95.  91. 126. 129. 127. 123. 122.],135.62,115.12,125.375,144.0,91.0,144.0,139.5,122.5,126.5
gHO_sBM_cAll_d21_mHO5_ch07,gHO,sBM,cAll,d21,mHO5,ch07,135,[ 77.  74.  70.  70.  70. 134.  70.  71.],[138. 135. 134. 134. 133. 133. 133. 131.],79.5,133.88,106.6875,70.0,133.0,70.0,70.5,133.5,132.0
gLO_sFM_cAll_d15_mLO0_ch15,gLO,sFM,cAll,d15,mLO0,ch15,80,"[140. 139. 143.  84. 103. 105.  77.  80. 104. 106. 144. 100.  88.  78.
 144. 144. 144.  84.  73. 101. 121. 144.  78.  83.  97. 144.  70. 142.
 134. 131. 138. 141. 143. 144. 144. 126. 126. 119. 141.  91. 110. 120.
 133. 138. 128. 123. 144. 144.]","[ 93.  85.  82.  82.  78.  73.  78. 144. 106. 109. 117.  75.  88.  94.
 108. 123. 122.  91.  88.  87. 132.  90.  83. 144. 144. 130. 124. 124.
 106. 102. 109. 110. 126. 134. 130. 144. 144. 141.  78.  82.  83.  78.
  80. 144. 118.  89.  79.  72.]",118.29,105.06,111.67708333333333,144.0,144.0,144.0,126.0,104.0,110.0
gJS_sBM_cAll_d03_mJS4_ch09,gJS,sBM,cAll,d03,mJS4,ch09,120,[ 86.  85.  72. 128.  73.  95.  90.  80.  76.],[131. 124. 121. 120.  89.  76. 143. 144. 144.],87.22,121.33,104.27777777777777,72.0,144.0,76.0,85.0,124.0,92.5
gLO_sBM_cAll_d13_mLO1_ch04,gLO,sBM,cAll,d13,mLO1,ch04,90,[136. 136.  89.  96.  99. 101. 120. 137. 100.  94.  83.],[144. 144. 111.  90.  75.  74. 138. 124.  99.  90.  81.],108.27,106.36,107.31818181818181,136.0,90.0,90.0,100.0,99.0,99.5
gLH_sBM_cAll_d18_mLH2_ch07,gLH,sBM,cAll,d18,mLH2,ch07,100,[ 92.  96. 100. 104. 101.  98.  99. 113. 132.  82.],[ 88.  95. 101. 104. 101. 101. 105. 144.  94.  99.],101.7,103.2,102.45,82.0,101.0,101.0,99.5,101.0,100.5
gMH_sBM_cAll_d23_mMH5_ch02,gMH,sBM,cAll,d23,mMH5,ch02,130,[ 84.  92. 140.  70.  74.  93. 140. 129.],[117. 117. 131. 127. 127. 131. 130. 126.],102.75,125.75,114.25,140.0,117.0,117.0,92.5,127.0,126.5
gBR_sBM_cAll_d04_mBR3_ch06,gBR,sBM,cAll,d04,mBR3,ch06,110,[144.  93.  85.  83.  85.  83.  85.  80. 115.],[112. 112. 114. 102. 112. 118. 110.  99.  88.],94.78,107.44,101.11111111111111,85.0,112.0,85.0,85.0,112.0,100.5
gLO_sBM_cAll_d13_mLO3_ch09,gLO,sBM,cAll,d13,mLO3,ch09,110,[ 91.  90.  84. 141. 138. 143. 109. 116. 136.],[133. 132. 142.  80.  93. 135. 136. 136. 129.],116.44,124.0,120.22222222222223,84.0,136.0,136.0,116.0,133.0,132.5
gHO_sBM_cAll_d19_mHO0_ch05,gHO,sBM,cAll,d19,mHO0,ch05,110,[ 77. 144. 144. 109. 106. 111. 111. 107.  99.],[100. 104. 110. 111. 110. 110. 109. 108. 108.],112.0,107.78,109.88888888888889,111.0,110.0,110.0,109.0,109.0,109.0
gMH_sBM_cAll_d22_mMH3_ch04,gMH,sBM,cAll,d22,mMH3,ch04,110,[110. 112. 112. 111. 111. 110. 108. 108. 106.],[104. 108. 110. 114. 110. 107. 109. 109. 144.],109.78,112.78,111.27777777777777,108.0,109.0,110.0,110.0,109.0,110.0
gLH_sBM_cAll_d16_mLH0_ch09,gLH,sBM,cAll,d16,mLH0,ch09,80,[120. 127.  78. 106.  92.  81.  84. 136. 124. 124.  87.  91.  84.],[ 79.  74.  74.  78.  80. 124. 144. 106.  97.  93.  99. 109. 112.],102.62,97.62,100.11538461538461,84.0,74.0,124.0,92.0,97.0,95.0
gKR_sBM_cAll_d29_mKR4_ch02,gKR,sBM,cAll,d29,mKR4,ch02,120,[128.  80.  96.  94.  87.  86.  79.  70. 133.],[123. 121. 112.  97.  90. 125. 122. 123. 131.],94.78,116.0,105.38888888888889,70.0,123.0,123.0,87.0,122.0,104.5
gMH_sBM_cAll_d24_mMH4_ch08,gMH,sBM,cAll,d24,mMH4,ch08,120,[117. 115. 115. 120. 120. 121. 125. 129. 128.],[131. 124. 117. 117. 124. 116. 112. 142. 144.],121.11,125.22,123.16666666666667,115.0,117.0,117.0,120.0,124.0,120.5
gMH_sBM_cAll_d24_mMH5_ch02,gMH,sBM,cAll,d24,mMH5,ch02,130,[ 75.  85.  87.  75.  76.  91. 133. 133.],[ 88. 100. 119. 124.  82. 102. 108. 110.],94.38,104.12,99.25,75.0,82.0,75.0,86.0,105.0,95.5
gWA_sBM_cAll_d27_mWA3_ch02,gWA,sBM,cAll,d27,mWA3,ch02,110,[133. 122. 106.  84. 117. 103.  85.  83.  79.],[105. 106.  95. 139. 137. 111. 108. 121. 144.],101.33,118.44,109.88888888888889,79.0,95.0,106.0,103.0,111.0,107.0
gJB_sBM_cAll_d08_mJB0_ch09,gJB,sBM,cAll,d08,mJB0,ch09,80,[107. 105. 100.  86.  80.  90.  95. 110.  75.  89. 144. 144. 144.],[141. 135. 133. 141. 143. 100. 108. 109. 106. 113. 108. 107. 112.],105.31,119.69,112.5,144.0,108.0,144.0,100.0,112.0,108.0
gPO_sBM_cAll_d10_mPO0_ch02,gPO,sBM,cAll,d10,mPO0,ch02,80,[ 72.  78.  98. 144. 144. 101. 142.  72.  94.  91. 144. 142. 129.],[ 95.  80. 125.  85.  76.  78.  86.  79. 119.  87.  75.  70.  78.],111.62,87.15,99.38461538461539,144.0,78.0,78.0,101.0,80.0,89.0
gLO_sBM_cAll_d14_mLO5_ch02,gLO,sBM,cAll,d14,mLO5,ch02,130,[123. 139. 144.  70. 141. 144.  81.  83.],[131.  70. 144. 144.  79.  70.  98.  86.],115.62,102.75,109.1875,144.0,70.0,144.0,131.0,92.0,110.5
gKR_sBM_cAll_d29_mKR0_ch07,gKR,sBM,cAll,d29,mKR0,ch07,80,[125. 117. 106. 103. 107. 115.  82.  74. 114. 112.  81.  99. 104.],[ 72.  80.  83.  78.  82.  87.  90. 114. 127. 122. 122. 124. 120.],103.0,100.08,101.53846153846153,74.0,122.0,82.0,106.0,90.0,105.0
gJB_sBM_cAll_d08_mJB5_ch03,gJB,sBM,cAll,d08,mJB5,ch03,130,[133. 133. 131. 130. 130. 131. 117. 105.],[137. 135. 132. 129. 132. 131. 128. 133.],126.25,132.12,129.1875,130.0,132.0,131.0,130.5,132.0,131.0
gBR_sBM_cAll_d06_mBR5_ch07,gBR,sBM,cAll,d06,mBR5,ch07,130,[109. 106. 104.  97.  96. 100.  97.  90.],[ 95. 106.  70.  97. 101. 101. 100.  95.],99.88,95.62,97.75,97.0,95.0,97.0,98.5,98.5,98.5
gJB_sBM_cAll_d08_mJB1_ch01,gJB,sBM,cAll,d08,mJB1,ch01,90,[108. 101. 103. 107. 103. 112. 105. 105. 105.  94.  88.],[108. 101. 102. 143. 138. 123. 116. 104. 101. 101. 100.],102.82,112.45,107.63636363636364,105.0,101.0,101.0,105.0,104.0,104.5
gBR_sBM_cAll_d05_mBR4_ch09,gBR,sBM,cAll,d05,mBR4,ch09,120,[ 77.  74.  95. 144.  95. 144.  95.  89.  82.],[110. 117. 127. 121. 119. 116. 125. 130. 137.],99.44,122.44,110.94444444444444,95.0,110.0,95.0,95.0,121.0,116.5
gBR_sBM_cAll_d06_mBR3_ch10,gBR,sBM,cAll,d06,mBR3,ch10,110,[106. 104.  99.  78.  70. 124. 109. 118. 144.],[82. 82. 84. 83. 82. 80. 85. 85. 78.],105.78,82.33,94.05555555555556,70.0,82.0,82.0,106.0,82.0,84.5
gWA_sBM_cAll_d27_mWA3_ch07,gWA,sBM,cAll,d27,mWA3,ch07,110,[122. 123. 130. 126. 129.  96.  89.  74.  70.],[106.  93.  83.  99.  97.  88.  88. 144.  70.],106.56,96.44,101.5,70.0,88.0,70.0,122.0,93.0,96.5
gKR_sBM_cAll_d29_mKR1_ch04,gKR,sBM,cAll,d29,mKR1,ch04,90,[110. 114. 125. 129.  70.  70. 144. 144. 119. 130.  88.],[112. 119. 118. 114. 116. 144. 144. 144. 144. 143. 118.],113.0,128.73,120.86363636363636,70.0,144.0,144.0,119.0,119.0,119.0
gLO_sBM_cAll_d15_mLO3_ch03,gLO,sBM,cAll,d15,mLO3,ch03,110,[106. 105. 102.  93.  92. 107. 101.  95. 107.],[ 71.  86.  80.  70.  77. 100. 144. 144. 143.],100.89,101.67,101.27777777777777,107.0,144.0,107.0,102.0,86.0,100.5
gPO_sBM_cAll_d11_mPO1_ch03,gPO,sBM,cAll,d11,mPO1,ch03,90,[96. 90. 88. 92. 91. 90. 88. 90. 93. 90. 86.],[98. 92. 88. 89. 92. 91. 91. 87. 86. 92. 87.],90.36,90.27,90.31818181818181,90.0,92.0,90.0,90.0,91.0,90.0
gBR_sBM_cAll_d05_mBR4_ch04,gBR,sBM,cAll,d05,mBR4,ch04,120,[ 75.  84.  95. 123. 116. 117. 120. 116. 109.],[144. 126. 119. 117. 115. 119. 120. 121. 120.],106.11,122.33,114.22222222222223,116.0,119.0,120.0,116.0,120.0,118.0
gHO_sFM_cAll_d21_mHO1_ch16,gHO,sFM,cAll,d21,mHO1,ch16,115,"[106. 108. 119. 121. 115.  86.  70.  70.  70. 119. 124.  93.  86.  87.
 102.  94.  76. 142. 143.  70. 127. 110.  99.  98. 144.  75.  79.  76.
 139. 139.  70. 132. 132. 134.]","[ 95. 141. 125. 128. 144. 144. 120. 104. 101.  87.  70.  70.  82.  87.
  85. 108. 114. 116. 115. 107. 144. 141. 120. 117. 114. 117. 109. 111.
 121. 116. 113. 110. 108. 102.]",104.56,111.35,107.95588235294117,70.0,144.0,70.0,104.0,113.5,110.0
gWA_sBM_cAll_d26_mWA4_ch03,gWA,sBM,cAll,d26,mWA4,ch03,120,[144. 139. 124. 144. 125. 144. 101. 112. 127.],[133. 135. 135. 133.  70.  72.  94. 118. 122.],128.89,112.44,120.66666666666667,144.0,133.0,144.0,127.0,122.0,126.0
gBR_sBM_cAll_d06_mBR2_ch06,gBR,sBM,cAll,d06,mBR2,ch06,100,[141.  70. 129. 144. 144. 144. 107.  97. 144. 144.],[92. 88. 76. 82. 71. 76. 76. 73. 78. 76.],126.4,78.8,102.6,144.0,76.0,144.0,142.5,76.0,90.0
gPO_sBM_cAll_d10_mPO3_ch01,gPO,sBM,cAll,d10,mPO3,ch01,110,[108. 116. 121. 139. 132. 142. 141. 138.  97.],[114. 109. 110. 112. 110. 111. 111. 111. 120.],126.0,112.0,119.0,97.0,111.0,111.0,132.0,111.0,113.0
gPO_sBM_cAll_d10_mPO2_ch08,gPO,sBM,cAll,d10,mPO2,ch08,100,[ 76. 102.  93.  76.  77.  86.  93.  94. 101. 118.],[109. 111. 109.  99.  98.  87. 126. 120. 115.  89.],91.6,106.3,98.95,76.0,109.0,76.0,93.0,109.0,98.5
gMH_sBM_cAll_d24_mMH2_ch08,gMH,sBM,cAll,d24,mMH2,ch08,100,[144. 133. 132. 137. 134. 144. 114. 136.  99. 101.],[131.  70. 142. 143. 134. 132. 132. 127.  70.  83.],127.4,116.4,121.9,144.0,70.0,132.0,133.5,131.5,132.0
gLH_sBM_cAll_d17_mLH4_ch03,gLH,sBM,cAll,d17,mLH4,ch03,120,[126. 125. 121. 120. 122. 119. 122. 120. 119.],[ 70. 120. 123. 125. 120. 119. 123.  75.  85.],121.56,106.67,114.11111111111111,119.0,120.0,120.0,121.0,120.0,120.0
gBR_sBM_cAll_d05_mBR0_ch06,gBR,sBM,cAll,d05,mBR0,ch06,80,[109. 102. 144. 109. 108. 105.  90.  87.  70. 104. 103. 144. 144.],[ 97. 115. 144.  79.  79.  83.  81.  75.  82.  85. 144. 144.  79.],109.15,99.0,104.07692307692308,144.0,79.0,144.0,105.0,83.0,102.5
gMH_sBM_cAll_d22_mMH2_ch04,gMH,sBM,cAll,d22,mMH2,ch04,100,[103. 101. 101. 103. 102. 101. 102.  99.  98.  98.],[ 87.  85. 106. 107. 104. 102. 100.  90.  93. 102.],100.8,97.6,99.2,101.0,102.0,102.0,101.0,101.0,101.0
gLH_sBM_cAll_d16_mLH1_ch01,gLH,sBM,cAll,d16,mLH1,ch01,90,[136.  98.  92.  89.  91.  91.  91.  90.  90.  97. 112.],[ 93.  94. 110. 121. 101.  91.  90.  90. 132.  90.  82.],97.91,99.45,98.68181818181819,91.0,90.0,90.0,91.0,93.0,91.5
gWA_sBM_cAll_d27_mWA4_ch07,gWA,sBM,cAll,d27,mWA4,ch07,120,[127. 130.  83.  75. 134.  95. 104. 144.  73.],[144. 144.  97. 120. 125. 133.  89. 144. 144.],107.22,126.67,116.94444444444444,73.0,144.0,144.0,104.0,133.0,126.0
gWA_sFM_cAll_d25_mWA5_ch06,gWA,sFM,cAll,d25,mWA5,ch06,130,"[126. 143. 144.  70.  83.  70. 134. 101. 113. 127. 128. 122. 131.  91.
 100. 144. 119. 119. 131. 130. 110. 144. 128. 125. 127. 144.  97.  89.
  77.  73.]","[ 72.  70. 144. 142. 137.  71.  70. 123. 137. 138. 125. 126. 134.  70.
 107. 144. 116. 121. 137. 100. 118. 129.  70. 120.  70.  84.  98.  79.
  71.  72.]",114.67,106.5,110.58333333333333,144.0,70.0,70.0,123.5,117.0,119.5
gPO_sBM_cAll_d12_mPO5_ch01,gPO,sBM,cAll,d12,mPO5,ch01,130,[132. 131. 132. 134. 130. 128. 134. 144.],[123. 127. 132. 130. 131. 130. 134. 141.],133.12,131.0,132.0625,132.0,130.0,130.0,132.0,130.5,131.5
gLH_sBM_cAll_d16_mLH1_ch05,gLH,sBM,cAll,d16,mLH1,ch05,90,[110. 103.  89.  81.  81.  93. 133. 136. 144. 115. 107.],[88. 92. 88. 88. 93. 89. 91. 92. 90. 88. 97.],108.36,90.55,99.45454545454545,81.0,88.0,88.0,107.0,90.0,92.0
gJB_sBM_cAll_d09_mJB5_ch03,gJB,sBM,cAll,d09,mJB5,ch03,130,[ 77.  77.  75.  70. 131. 129.  81.  99.],[137. 144. 140. 133. 130. 130. 120. 110.],92.38,130.5,111.4375,77.0,130.0,77.0,79.0,131.5,124.5
gMH_sBM_cAll_d22_mMH2_ch03,gMH,sBM,cAll,d22,mMH2,ch03,100,[121. 112.  98.  98.  93.  94. 104. 103. 103. 114.],[ 92.  97. 103. 100.  97. 103. 104. 102. 100. 104.],104.0,100.2,102.1,98.0,97.0,103.0,103.0,101.0,102.5
gLH_sBM_cAll_d17_mLH0_ch06,gLH,sBM,cAll,d17,mLH0,ch06,80,[ 95.  89.  82.  80.  85.  79.  73.  73.  70. 137. 113. 102.  95.],[115. 108. 138. 144.  73. 121.  91.  80. 144. 121. 113. 117. 121.],90.23,114.31,102.26923076923077,73.0,121.0,73.0,85.0,117.0,98.5
gMH_sBM_cAll_d22_mMH1_ch03,gMH,sBM,cAll,d22,mMH1,ch03,90,[87. 90. 91. 88. 86. 85. 94. 96. 92. 91. 88.],[88. 89. 91. 86. 85. 89. 92. 96. 91. 88. 90.],89.82,89.55,89.68181818181819,88.0,88.0,88.0,90.0,89.0,89.5
gLH_sBM_cAll_d18_mLH2_ch01,gLH,sBM,cAll,d18,mLH2,ch01,100,[ 88. 101. 104.  95. 101. 114. 143. 107.  97.  90.],[102. 106. 102.  97. 104. 123. 125. 109.  94.  92.],104.0,105.4,104.7,101.0,102.0,97.0,101.0,103.0,102.0
gWA_sBM_cAll_d25_mWA1_ch01,gWA,sBM,cAll,d25,mWA1,ch01,90,[108. 100. 117. 135. 144.  88. 144.  93.  92.  97. 104.],[ 89.  88. 144. 122. 131. 142.  90.  84.  75. 122.  87.],111.09,106.73,108.9090909090909,144.0,122.0,144.0,104.0,90.0,102.0
gBR_sBM_cAll_d05_mBR1_ch01,gBR,sBM,cAll,d05,mBR1,ch01,90,[ 70.  74.  98.  90.  85.  93. 125. 101.  94.  83.  84.],[100.  94.  92.  93.  89.  87.  89.  92.  90.  88.  90.],90.64,91.27,90.95454545454545,70.0,89.0,90.0,90.0,90.0,90.0
gJB_sFM_cAll_d09_mJB3_ch18,gJB,sFM,cAll,d09,mJB3,ch18,110,"[133. 121. 117. 107.  95.  76.  70. 131. 144. 110. 103.  97. 104. 109.
 144. 144. 104. 128. 133.  80.  74.  89.  97.  98.  70. 102.  84.  71.
  76. 102. 144.  87.  86.  70. 134.]","[116.  95.  89.  90.  97. 111. 115.  70. 144. 141. 144.  80.  77. 136.
 144. 143. 139. 144. 144. 144. 139. 131. 118.  72.  70. 129. 126. 119.
 105. 105.  85.  82.  84.  80.  75.]",103.83,110.94,107.38571428571429,144.0,144.0,144.0,102.0,115.0,104.5
gLH_sBM_cAll_d17_mLH5_ch04,gLH,sBM,cAll,d17,mLH5,ch04,130,[120. 135. 128. 124. 129. 129. 128. 120.],[122. 123.  70. 124.  70.  70.  71.  72.],126.62,90.25,108.4375,120.0,70.0,70.0,128.0,71.5,122.5
gPO_sBM_cAll_d12_mPO4_ch01,gPO,sBM,cAll,d12,mPO4,ch01,120,[128. 116. 119. 122. 123. 118.  70.  93.  99.],[114. 116. 121. 120. 123. 119. 120. 125. 133.],109.78,121.22,115.5,70.0,120.0,116.0,118.0,120.0,119.5
gLO_sBM_cAll_d13_mLO0_ch05,gLO,sBM,cAll,d13,mLO0,ch05,80,[84. 83. 81. 80. 80. 81. 84. 81. 77. 77. 79. 77. 75.],[92. 86. 81. 80. 81. 80. 83. 81. 77. 78. 79. 75. 72.],79.92,80.38,80.15384615384616,77.0,81.0,81.0,80.0,80.0,80.0
gKR_sFM_cAll_d29_mKR1_ch09,gKR,sFM,cAll,d29,mKR1,ch09,90,"[113. 115. 119. 141.  87.  99. 102. 144. 144. 137.  70. 134.  91.  86.
  92.  98.  80.  80. 144. 108.  88.  91. 103. 105.  70.  81. 108. 115.
 124. 144. 117. 130.  98.  87. 103. 104. 140. 142. 104. 101. 111. 108.
  90.]","[112.  91. 128. 121.  89.  80.  98. 112. 110. 144. 116. 101.  79.  71.
 144. 118.  76.  79.  70.  75.  80.  93. 144. 118. 110. 111. 117. 107.
 104. 113. 136. 144.  82.  88. 110. 125.  77.  73.  71. 112. 139. 105.
 112.]",108.09,104.3,106.19767441860465,144.0,112.0,144.0,104.0,110.0,106.0
gHO_sBM_cAll_d20_mHO5_ch10,gHO,sBM,cAll,d20,mHO5,ch10,135,[125.  70.  70.  72.  75.  70. 127. 124.],[118. 108. 109. 134. 139. 135. 137. 136.],91.62,127.0,109.3125,70.0,108.0,70.0,73.5,134.5,121.0
gJB_sBM_cAll_d09_mJB4_ch10,gJB,sBM,cAll,d09,mJB4,ch10,120,[144. 133. 124. 115. 122. 137. 144. 102. 104.],[133. 144.  99.  97. 144. 144. 144.  89.  78.],125.0,119.11,122.05555555555556,144.0,144.0,144.0,124.0,133.0,128.5
gHO_sBM_cAll_d20_mHO4_ch07,gHO,sBM,cAll,d20,mHO4,ch07,130,[129. 129. 129. 130. 131. 131. 127. 124.],[130. 128. 127. 129. 132. 131. 122. 117.],128.75,127.0,127.875,129.0,117.0,129.0,129.0,128.5,129.0
gPO_sFM_cAll_d12_mPO0_ch15,gPO,sFM,cAll,d12,mPO0,ch15,80,"[ 90.  96. 104. 110.  95.  95. 102. 101.  83.  70.  99. 144. 143.  76.
  80.  80.  71. 112. 125.  78.  94. 103.  98.  83.  80.  91. 106.  92.
  87.  89. 144. 105. 144.  70. 115. 118. 109.  97.  70.  70. 106.  90.
  83.  72. 125. 118.  74.  72.]","[ 84.  85.  85.  77. 115. 108.  99.  96.  89.  91. 111. 136.  96.  82.
  80.  82. 119. 106.  84.  80.  79.  78.  83.  80.  83.  87.  98. 113.
 120.  94.  97. 132.  70.  70.  96.  95.  96. 144. 133. 138. 144. 120.
 114. 106.  92. 101. 117. 122.]",97.06,100.15,98.60416666666667,70.0,96.0,70.0,95.0,96.0,96.0
gHO_sBM_cAll_d19_mHO1_ch08,gHO,sBM,cAll,d19,mHO1,ch08,115,[134. 122. 113. 109. 144. 118. 114. 105.  94.],[130. 121. 113. 115. 111. 121. 115. 120. 119.],117.0,118.33,117.66666666666667,94.0,115.0,113.0,114.0,119.0,116.5
gLH_sBM_cAll_d16_mLH2_ch05,gLH,sBM,cAll,d16,mLH2,ch05,100,[114. 112. 112. 123.  80.  80. 137. 142. 144. 144.],[ 91. 106. 102.  99. 108. 144.  94.  97.  99. 102.],118.8,104.2,111.5,80.0,99.0,144.0,118.5,100.5,107.0
gLO_sBM_cAll_d14_mLO4_ch08,gLO,sBM,cAll,d14,mLO4,ch08,120,[116. 120. 119. 111.  95. 138. 144. 105. 109.],[ 87.  84.  91.  94.  95. 115. 120.  89.  78.],117.44,94.78,106.11111111111111,95.0,78.0,95.0,116.0,91.0,107.0
gMH_sBM_cAll_d22_mMH1_ch10,gMH,sBM,cAll,d22,mMH1,ch10,90,[ 89.  92.  92.  88.  89.  89.  93.  95.  89.  92. 112.],[85. 87. 93. 91. 92. 92. 88. 91. 89. 91. 93.],92.73,90.18,91.45454545454545,89.0,91.0,89.0,92.0,91.0,91.0
gJS_sBM_cAll_d01_mJS3_ch06,gJS,sBM,cAll,d01,mJS3,ch06,110,[127.  70.  70. 121.  71.  74. 122. 143. 144.],[ 72. 144. 103.  97. 141. 132.  75.  77. 110.],104.67,105.67,105.16666666666667,70.0,72.0,70.0,121.0,103.0,106.5
gJS_sBM_cAll_d03_mJS2_ch04,gJS,sBM,cAll,d03,mJS2,ch04,100,[ 96.  92.  89. 109.  72.  75.  70. 134. 119. 119.],[ 84.  85.  91.  97. 105. 114. 133. 144. 144. 144.],97.5,114.1,105.8,119.0,144.0,144.0,94.0,109.5,101.0
gLO_sBM_cAll_d13_mLO2_ch02,gLO,sBM,cAll,d13,mLO2,ch02,100,[144. 144. 144. 140. 126. 133. 139. 144. 124.  84.],[117. 109.  96. 137. 132. 118. 105.  93. 129. 125.],132.2,116.1,124.15,144.0,93.0,144.0,139.5,117.5,127.5
gHO_sBM_cAll_d19_mHO1_ch09,gHO,sBM,cAll,d19,mHO1,ch09,115,[144. 112. 108. 114. 117. 117. 120. 121. 123.],[106. 109. 114. 118. 115. 115. 117. 116. 117.],119.56,114.11,116.83333333333333,117.0,115.0,117.0,117.0,115.0,116.5
gBR_sFM_cAll_d06_mBR5_ch19,gBR,sFM,cAll,d06,mBR5,ch19,130,"[ 89.  95.  98. 102. 102.  99. 100.  88. 137. 139. 130. 129. 126. 144.
 144.  86.  86. 137. 130. 107.  96.  94.  87.  88. 104. 104. 107. 128.
 143. 130.]","[ 77.  90.  99. 131. 129. 132. 140.  79.  82.  96.  96. 144. 144. 144.
 120. 105. 143.  70.  70.  70. 132.  98. 104. 101.  89.  88. 133. 136.
 139. 135.]",111.63,110.53,111.08333333333333,130.0,70.0,144.0,104.0,104.5,104.0
gPO_sBM_cAll_d10_mPO3_ch08,gPO,sBM,cAll,d10,mPO3,ch08,110,[116. 112. 111. 122. 130. 104.  97.  85.  75.],[116. 111. 109. 112. 111. 111. 110. 121. 128.],105.78,114.33,110.05555555555556,75.0,111.0,111.0,111.0,111.0,111.0
gJS_sFM_cAll_d01_mJS2_ch03,gJS,sFM,cAll,d01,mJS2,ch03,100,"[144. 144. 144. 144. 140.  76.  79.  70. 119. 114. 121. 127.  99. 115.
 144. 139.  90.  89.  88.  89.  70.  71.  74.  88.  84.  87. 144. 124.
  80.  76. 135. 123. 122. 125. 122.  98. 102.  94.  80.]","[143. 144. 144. 144. 144. 139. 125.  84.  92. 106. 115. 115.  93.  86.
 128. 124. 138. 144. 134.  74.  80.  84. 118.  70.  77.  95. 109. 109.
 104.  93.  91. 102. 117.  70. 108. 144.  98. 105. 104.]",107.03,110.1,108.56410256410257,144.0,144.0,144.0,102.0,108.0,107.0
gPO_sBM_cAll_d11_mPO0_ch08,gPO,sBM,cAll,d11,mPO0,ch08,80,[101. 100.  99.  91.  87. 100. 139. 144.  93.  97.  93.  92. 103.],[ 80.  85.  96.  92. 144. 130.  75.  78.  77.  77.  87. 144. 144.],103.0,100.69,101.84615384615384,93.0,144.0,144.0,99.0,87.0,94.5
gWA_sBM_cAll_d27_mWA2_ch03,gWA,sBM,cAll,d27,mWA2,ch03,100,[ 93.  86.  70. 111.  93.  91.  96. 103. 137.  81.],[ 95.  96.  95. 112. 119.  89.  84. 140. 138. 139.],96.1,110.7,103.4,93.0,95.0,93.0,93.0,104.0,95.5
gJB_sBM_cAll_d09_mJB5_ch04,gJB,sBM,cAll,d09,mJB5,ch04,130,[ 84.  89.  96.  95.  83.  77.  70. 119.],[139. 144.  92.  74.  70.  71. 144. 103.],89.12,104.62,96.875,70.0,144.0,70.0,86.5,97.5,90.5
gJB_sBM_cAll_d08_mJB0_ch07,gJB,sBM,cAll,d08,mJB0,ch07,80,[ 95. 102. 110. 125. 125. 125. 103.  99.  87. 143. 107. 127. 138.],[ 87. 144.  87.  85. 144.  87.  84.  86.  82.  83.  89.  95. 109.],114.31,97.08,105.6923076923077,125.0,87.0,87.0,110.0,87.0,100.5
gBR_sBM_cAll_d05_mBR5_ch05,gBR,sBM,cAll,d05,mBR5,ch05,130,[ 98. 114. 120. 129. 126. 123. 137. 144.],[141. 138.  94.  98. 133. 126. 127. 137.],123.88,124.25,124.0625,98.0,94.0,98.0,124.5,130.0,126.5
gJS_sBM_cAll_d01_mJS0_ch09,gJS,sBM,cAll,d01,mJS0,ch09,80,[118.  70.  91. 104. 105.  88.  90. 140.  98.  98. 101. 111. 114.],[120.  70.  86.  90. 101.  73.  87.  94.  87.  84.  84.  91.  97.],102.15,89.54,95.84615384615384,98.0,84.0,70.0,101.0,87.0,92.5
gLO_sBM_cAll_d13_mLO0_ch10,gLO,sBM,cAll,d13,mLO0,ch10,80,[138.  70. 121. 122. 125. 119. 116. 121. 116. 119. 125.  71.  82.],[127. 115.  91.  75. 115.  90.  70. 111. 119. 127. 112. 104. 109.],111.15,105.0,108.07692307692308,116.0,115.0,119.0,119.0,111.0,115.5
gJS_sBM_cAll_d03_mJS5_ch04,gJS,sBM,cAll,d03,mJS5,ch04,130,[ 77.  73. 143.  94.  98. 109. 116. 121.],[100. 144.  72.  70. 114. 144.  72.  74.],103.88,98.75,101.3125,73.0,72.0,72.0,103.5,87.0,99.0
gJS_sBM_cAll_d01_mJS1_ch01,gJS,sBM,cAll,d01,mJS1,ch01,90,[ 70.  90.  98.  70. 118.  85.  90.  90.  71. 131.  70.],[129. 113.  99. 134. 133. 135. 136. 132. 118. 101.  81.],89.36,119.18,104.27272727272727,70.0,81.0,70.0,90.0,129.0,100.0
gKR_sBM_cAll_d29_mKR5_ch06,gKR,sBM,cAll,d29,mKR5,ch06,130,[100. 106. 107. 104.  74.  78. 122. 130.],[ 94. 100. 115. 129. 130.  70.  70.  78.],102.62,98.25,100.4375,74.0,70.0,70.0,105.0,97.0,102.0
gHO_sBM_cAll_d20_mHO0_ch05,gHO,sBM,cAll,d20,mHO0,ch05,110,[113. 112. 112. 112. 110. 110. 112. 106. 107.],[112. 113. 114. 108. 105. 110. 110. 114. 114.],110.44,111.11,110.77777777777777,112.0,114.0,112.0,112.0,112.0,112.0
gKR_sBM_cAll_d28_mKR2_ch06,gKR,sBM,cAll,d28,mKR2,ch06,100,[142. 138.  84. 102. 108. 144. 102. 101.  95. 129.],[133. 133. 125. 126. 137. 141. 110.  86. 127. 129.],114.5,124.7,119.6,102.0,133.0,102.0,105.0,128.0,126.5
gWA_sBM_cAll_d25_mWA3_ch06,gWA,sBM,cAll,d25,mWA3,ch06,110,[142. 144. 104.  96.  81.  76.  98.  97.  91.],[121. 104. 137. 124. 110. 111. 120.  84.  95.],103.22,111.78,107.5,76.0,84.0,104.0,97.0,111.0,104.0
gLO_sBM_cAll_d15_mLO3_ch08,gLO,sBM,cAll,d15,mLO3,ch08,110,[101. 107. 108.  92.  81.  87.  81.  82.  90.],[144. 144. 105. 107. 113. 108. 115. 104. 103.],92.11,115.89,104.0,81.0,144.0,81.0,90.0,108.0,104.5
gPO_sFM_cAll_d12_mPO4_ch19,gPO,sFM,cAll,d12,mPO4,ch19,120,"[ 94.  84.  70. 118.  94.  73.  70. 128. 133.  96. 102. 109.  99.  77.
  82. 117. 123. 144. 144. 134.  70. 115. 125. 124.  82.  81. 108. 102.
  97.  87. 123.  70.]","[105. 111. 112. 118. 116. 103.  92.  85.  92.  87. 114. 116. 121. 121.
 118. 113. 141. 144. 138. 121. 123. 119. 119. 125. 121.  79.  72.  70.
  78. 100. 122. 121.]",102.34,109.91,106.125,70.0,121.0,70.0,100.5,116.0,111.5
gPO_sBM_cAll_d10_mPO2_ch03,gPO,sBM,cAll,d10,mPO2,ch03,100,[ 98.  86. 144.  90.  86.  92.  89.  80.  89.  96.],[ 83.  72.  74.  77.  71.  80.  74.  79.  87. 100.],95.0,79.7,87.35,86.0,74.0,74.0,89.5,78.0,86.0
gLO_sBM_cAll_d13_mLO0_ch03,gLO,sBM,cAll,d13,mLO0,ch03,80,[140. 142.  75.  83. 128. 121.  83.  70.  76.  86.  85. 126. 126.],[110.  99.  83.  73.  73.  77.  91. 143.  75.  71. 115.  70. 133.],103.15,93.31,98.23076923076923,83.0,73.0,83.0,86.0,83.0,85.5
gWA_sBM_cAll_d27_mWA4_ch05,gWA,sBM,cAll,d27,mWA4,ch05,120,[ 78.  78.  74.  80.  83. 132. 140. 144. 144.],[121. 130. 122. 115. 128. 144. 144.  70.  82.],105.89,117.33,111.61111111111111,78.0,144.0,144.0,83.0,122.0,121.5
gKR_sBM_cAll_d28_mKR0_ch03,gKR,sBM,cAll,d28,mKR0,ch03,80,[126. 129. 130. 142.  92.  70. 113. 144.  70. 105.  94.  96. 104.],[ 93.  79.  82. 112. 114. 129. 121. 114. 127. 129.  80. 105. 109.],108.85,107.23,108.03846153846153,70.0,114.0,129.0,105.0,112.0,110.5
gLH_sBM_cAll_d16_mLH1_ch08,gLH,sBM,cAll,d16,mLH1,ch08,90,[136. 122.  70.  84.  83.  82.  90.  95.  92. 132.  82.],[ 72.  87. 113. 131. 128. 103.  70.  70.  70. 125. 124.],97.09,99.36,98.22727272727273,82.0,70.0,70.0,90.0,103.0,91.0
gJB_sBM_cAll_d09_mJB3_ch07,gJB,sBM,cAll,d09,mJB3,ch07,110,[ 84.  97. 109. 115. 140.  75.  87.  89.  89.],[106. 102.  95. 132. 129. 139. 144. 144.  80.],98.33,119.0,108.66666666666667,89.0,144.0,89.0,89.0,129.0,104.0
gMH_sBM_cAll_d22_mMH3_ch03,gMH,sBM,cAll,d22,mMH3,ch03,110,[ 78.  75.  70. 113. 105. 111. 113. 118. 123.],[108. 111. 112. 112. 108. 108. 112. 109. 112.],100.67,110.22,105.44444444444444,113.0,112.0,112.0,111.0,111.0,111.0
gJB_sBM_cAll_d07_mJB0_ch05,gJB,sBM,cAll,d07,mJB0,ch05,80,[ 86.  70. 117. 139. 144.  81.  73. 138. 140. 142. 144.  88.  82.],[124.  70.  83.  89.  77.  77.  88.  79.  80.  85.  80.  80.  82.],111.08,84.15,97.61538461538461,144.0,80.0,80.0,117.0,80.0,84.0
gPO_sBM_cAll_d12_mPO2_ch09,gPO,sBM,cAll,d12,mPO2,ch09,100,[110.  98.  90.  81.  82. 138. 135. 119. 129. 125.],[100. 110. 116. 111.  97. 105. 133. 142.  78.  79.],110.7,107.1,108.9,81.0,78.0,110.0,114.5,107.5,110.0
gPO_sBM_cAll_d11_mPO0_ch06,gPO,sBM,cAll,d11,mPO0,ch06,80,[ 83.  94. 100.  85.  78.  70.  70.  70.  70.  76.  76.  78.  78.],[ 88.  87.  84.  86.  84.  74. 122.  78.  73.  82.  84.  75.  70.],79.08,83.62,81.34615384615384,70.0,84.0,70.0,78.0,84.0,78.0
gJS_sBM_cAll_d01_mJS1_ch07,gJS,sBM,cAll,d01,mJS1,ch07,90,[ 72. 120.  78. 144.  94.  71.  72. 100.  98. 130. 122.],[133.  70.  70.  70.  80.  92. 144. 144. 133. 116.  84.],100.09,103.27,101.68181818181819,72.0,70.0,70.0,98.0,92.0,96.0
gLH_sBM_cAll_d16_mLH2_ch04,gLH,sBM,cAll,d16,mLH2,ch04,100,[ 90.  95. 102. 131. 103.  99.  94. 107.  87.  78.],[144.  99.  92. 135. 113.  87. 142. 144. 137. 142.],98.6,123.5,111.05,78.0,142.0,87.0,97.0,136.0,102.5
gLO_sBM_cAll_d15_mLO2_ch05,gLO,sBM,cAll,d15,mLO2,ch05,100,[120. 102.  92.  87.  74.  72.  72.  77.  85.  80.],[144. 137.  92.  88. 104.  99. 104.  95.  87. 144.],86.1,109.4,97.75,72.0,104.0,72.0,82.5,101.5,92.0
gPO_sBM_cAll_d12_mPO4_ch07,gPO,sBM,cAll,d12,mPO4,ch07,120,[ 93. 110. 130. 124. 115. 107.  91.  85.  84.],[126. 131. 137.  70.  70. 123. 127. 116. 102.],104.33,111.33,107.83333333333333,84.0,70.0,70.0,107.0,123.0,112.5
gMH_sBM_cAll_d23_mMH4_ch02,gMH,sBM,cAll,d23,mMH4,ch02,120,[ 78.  70. 104. 138. 139.  92.  94. 114. 114.],[111. 116. 122. 119. 119. 120. 120. 120. 115.],104.78,118.0,111.38888888888889,114.0,120.0,120.0,104.0,119.0,115.5
gLO_sBM_cAll_d13_mLO2_ch09,gLO,sBM,cAll,d13,mLO2,ch09,100,[ 80.  77.  76.  82. 128.  74.  82.  70.  70.  78.],[ 84. 144. 144.  71.  78.  77.  72. 144. 106.  99.],81.7,101.9,91.8,70.0,144.0,144.0,77.5,91.5,79.0
gLO_sBM_cAll_d15_mLO2_ch01,gLO,sBM,cAll,d15,mLO2,ch01,100,[107. 103.  91.  73. 124. 106. 106. 114.  70.  70.],[117. 129. 139. 144. 116. 141. 129. 120. 132. 144.],96.4,131.1,113.75,70.0,129.0,70.0,104.5,130.5,116.5
gLH_sBM_cAll_d16_mLH0_ch02,gLH,sBM,cAll,d16,mLH0,ch02,80,[118. 115. 112. 115.  70.  96. 107. 111. 127. 144. 144.  86.  82.],[129. 125. 117.  80.  81.  82.  84.  90. 116. 120. 116. 114. 122.],109.77,105.85,107.8076923076923,115.0,116.0,82.0,112.0,116.0,114.5
gWA_sBM_cAll_d27_mWA3_ch08,gWA,sBM,cAll,d27,mWA3,ch08,110,[144. 140. 137. 138. 111. 113. 138. 133. 119.],[ 78.  92. 110. 115. 111. 110. 124. 142. 144.],130.33,114.0,122.16666666666667,138.0,110.0,110.0,137.0,111.0,121.5
gMH_sBM_cAll_d24_mMH3_ch05,gMH,sBM,cAll,d24,mMH3,ch05,110,[104. 105. 105. 117.  84. 101. 109. 117. 131.],[ 77.  72. 144. 137. 121.  70. 132. 104. 106.],108.11,107.0,107.55555555555556,105.0,70.0,104.0,105.0,106.0,105.5
gLH_sBM_cAll_d17_mLH5_ch06,gLH,sBM,cAll,d17,mLH5,ch06,130,[114.  97.  87.  91. 128. 129.  70. 105.],[100. 120. 126. 130. 137. 143. 122. 117.],102.62,124.38,113.5,70.0,100.0,70.0,101.0,124.0,118.5
gWA_sBM_cAll_d25_mWA2_ch02,gWA,sBM,cAll,d25,mWA2,ch02,100,[106. 106. 108.  96. 141. 134. 104. 120. 128. 126.],[144. 141. 118. 111. 121. 142.  79. 144. 143. 144.],116.9,128.7,122.8,106.0,144.0,144.0,114.0,141.5,123.5
gLH_sBM_cAll_d18_mLH3_ch05,gLH,sBM,cAll,d18,mLH3,ch05,110,[107. 112. 113. 105. 117. 114. 117. 103. 101.],[111. 110. 108. 110. 115. 114. 110. 111. 121.],109.89,112.22,111.05555555555556,117.0,110.0,110.0,112.0,111.0,111.0
gLO_sFM_cAll_d14_mLO1_ch09,gLO,sFM,cAll,d14,mLO1,ch09,90,"[ 76. 124. 123. 144.  88. 131. 133.  86. 103. 107. 108.  96.  84.  87.
  95.  90.  77.  77.  76.  80.  84.  96. 100. 135.  85.  90. 104. 134.
 122.  99. 144. 144. 105. 107. 108.  96.  98. 107. 131. 141. 144. 141.
 134.]","[119. 131. 135. 140. 142. 137. 137.  70.  70.  70. 123. 109. 103. 117.
 114. 117. 114. 103. 122. 144. 137. 133. 103. 104. 104.  96.  85.  77.
  87.  73.  72.  75. 102.  75. 143.  85.  89. 114. 110. 108.  99. 102.
 114.]",107.77,107.07,107.4186046511628,144.0,114.0,144.0,104.0,108.0,104.5
gPO_sBM_cAll_d11_mPO5_ch01,gPO,sBM,cAll,d11,mPO5,ch01,130,[121. 126. 129. 130. 131. 130. 126. 116.],[121. 123. 130. 127. 131. 130. 127. 116.],126.12,125.62,125.875,126.0,127.0,130.0,127.5,127.0,127.0
gHO_sBM_cAll_d19_mHO1_ch05,gHO,sBM,cAll,d19,mHO1,ch05,115,[ 84.  72. 111. 114. 109. 112. 123. 122. 122.],[116. 116. 112. 109. 111. 115. 117. 117. 118.],107.67,114.56,111.11111111111111,122.0,116.0,109.0,112.0,116.0,114.5
gWA_sBM_cAll_d25_mWA3_ch05,gWA,sBM,cAll,d25,mWA3,ch05,110,[117. 117. 116. 112. 101.  96. 106. 106. 117.],[133. 135.  70. 106.  79.  70. 107.  97. 144.],109.78,104.56,107.16666666666667,117.0,70.0,106.0,112.0,106.0,106.5
gHO_sBM_cAll_d20_mHO5_ch02,gHO,sBM,cAll,d20,mHO5,ch02,135,[125. 127. 135. 134. 134. 134. 132. 143.],[136. 132. 130.  70.  70. 137. 134. 118.],133.0,115.88,124.4375,134.0,70.0,134.0,134.0,131.0,133.0
gLO_sBM_cAll_d14_mLO5_ch09,gLO,sBM,cAll,d14,mLO5,ch09,130,[110. 113. 125. 115.  99.  84. 144. 144.],[144. 144. 144.  98.  90. 139. 144. 118.],116.75,127.62,122.1875,144.0,144.0,144.0,114.0,141.5,121.5
gKR_sBM_cAll_d29_mKR1_ch10,gKR,sBM,cAll,d29,mKR1,ch10,90,[136.  73.  83. 110. 103.  74.  76. 144. 105.  88.  84.],[144. 112.  88.  87.  92.  93.  91.  95. 117. 115. 144.],97.82,107.09,102.45454545454545,73.0,144.0,144.0,88.0,95.0,94.0
gWA_sBM_cAll_d25_mWA0_ch04,gWA,sBM,cAll,d25,mWA0,ch04,80,[100. 144. 144.  70. 134.  79.  79.  73.  70.  87.  93.  86.  78.],[ 97. 114. 119. 122. 134. 104. 108. 101. 107. 131. 141. 137. 132.],95.15,119.0,107.07692307692308,70.0,97.0,70.0,86.0,119.0,105.5
gJB_sBM_cAll_d07_mJB3_ch02,gJB,sBM,cAll,d07,mJB3,ch02,110,[ 77. 144. 144. 144. 144.  76.  86.  90.  83.],[125. 118. 104. 111. 144. 144.  83.  84.  83.],109.78,110.67,110.22222222222223,144.0,83.0,144.0,90.0,111.0,107.5
gLH_sBM_cAll_d16_mLH3_ch10,gLH,sBM,cAll,d16,mLH3,ch10,110,[122. 120. 112. 115. 116. 108. 103. 113. 117.],[132. 133. 136. 144.  70. 109. 113. 109. 103.],114.0,116.56,115.27777777777777,103.0,109.0,103.0,115.0,113.0,114.0
gWA_sBM_cAll_d26_mWA5_ch05,gWA,sBM,cAll,d26,mWA5,ch05,130,[ 93. 100. 101. 107. 119.  77.  70. 112.],[141.  70. 104. 104. 131. 127. 123. 121.],97.38,115.12,106.25,70.0,104.0,70.0,100.5,122.0,105.5
gHO_sBM_cAll_d20_mHO5_ch04,gHO,sBM,cAll,d20,mHO5,ch04,135,[136.  73.  70.  70.  71.  70. 121. 106.],[132. 130. 132.  70.  70. 136. 133. 133.],89.62,117.0,103.3125,70.0,70.0,70.0,72.0,132.0,113.5
gLH_sBM_cAll_d16_mLH3_ch09,gLH,sBM,cAll,d16,mLH3,ch09,110,[116. 119.  70.  81. 102. 109. 111. 113.  73.],[109. 111. 141. 144. 144.  89.  91. 131. 117.],99.33,119.67,109.5,70.0,144.0,109.0,109.0,117.0,111.0
gHO_sBM_cAll_d21_mHO3_ch06,gHO,sBM,cAll,d21,mHO3,ch06,125,[ 95.  80. 122. 123. 132. 129. 127. 124.],[118. 118. 120. 126. 133. 128. 125. 129.],116.5,124.62,120.5625,80.0,118.0,118.0,123.5,125.5,124.5
gJS_sBM_cAll_d01_mJS0_ch02,gJS,sBM,cAll,d01,mJS0,ch02,80,[108. 101.  96. 128. 126. 129. 121. 103. 144. 144. 144.  85.  86.],[ 86.  77. 139. 142.  70.  70. 144. 141. 139. 141. 140. 131. 131.],116.54,119.31,117.92307692307692,144.0,70.0,144.0,121.0,139.0,128.5
gHO_sBM_cAll_d19_mHO3_ch01,gHO,sBM,cAll,d19,mHO3,ch01,125,[ 97.  96.  95.  87.  95.  92.  95. 103.],[123. 125. 128. 124. 127. 125. 126. 125.],95.0,125.38,110.1875,95.0,125.0,95.0,95.0,125.0,113.0
gWA_sBM_cAll_d27_mWA4_ch02,gWA,sBM,cAll,d27,mWA4,ch02,120,[124. 138. 139. 136. 144. 144.  97. 113. 128.],[131. 123. 122. 132. 115. 117. 144. 144. 133.],129.22,129.0,129.11111111111111,144.0,144.0,144.0,136.0,131.0,131.5
gLO_sBM_cAll_d14_mLO1_ch04,gLO,sBM,cAll,d14,mLO1,ch04,90,[124. 132. 131.  86. 144. 135. 118. 137. 142. 131. 118.],[ 94.  95. 102. 121. 109. 112. 121. 122.  80.  91.  98.],127.09,104.09,115.5909090909091,118.0,121.0,118.0,131.0,102.0,119.5
gLH_sBM_cAll_d16_mLH1_ch06,gLH,sBM,cAll,d16,mLH1,ch06,90,[ 96.  98. 103. 107. 117. 110. 111. 109. 111. 129. 128.],[ 97.  92.  90.  95. 134. 140.  91.  90.  89.  90.  96.],110.82,100.36,105.5909090909091,111.0,90.0,90.0,110.0,92.0,100.5
gPO_sBM_cAll_d11_mPO1_ch04,gPO,sBM,cAll,d11,mPO1,ch04,90,[114. 109. 144.  98.  95. 144. 144.  93.  97. 103. 108.],[ 81.  79. 118. 108. 108. 122. 126. 144. 137. 130.  71.],113.55,111.27,112.4090909090909,144.0,108.0,144.0,108.0,118.0,108.5
gPO_sFM_cAll_d12_mPO2_ch17,gPO,sFM,cAll,d12,mPO2,ch17,100,"[144. 144. 116. 116.  82.  91. 140. 131. 130.  70.  80.  81.  90. 127.
 127. 127. 127.  95. 139.  75.  86.  91.  92.  99.  85.  81. 144. 144.
  89.  86.  89. 104. 105.  84.  82.  80. 135. 112. 144.]","[100.  97.  70.  87. 143. 144. 103.  92.  95. 107. 100.  93. 107. 127.
 135.  84.  73. 127.  73.  99. 113. 119. 113. 121. 138. 112. 108. 105.
  94.  97. 122. 118. 117. 101. 103. 125.  70. 126. 144.]",106.77,107.74,107.25641025641026,144.0,70.0,144.0,99.0,107.0,104.5
gKR_sBM_cAll_d28_mKR0_ch05,gKR,sBM,cAll,d28,mKR0,ch05,80,[ 88.  79.  81.  90.  96. 106.  90.  96. 107.  95.  99. 113. 107.],[144. 106. 141. 134. 103. 101.  99.  97. 104. 109. 100.  90.  90.],95.92,109.08,102.5,90.0,90.0,90.0,96.0,103.0,99.5
gLH_sBM_cAll_d16_mLH3_ch01,gLH,sBM,cAll,d16,mLH3,ch01,110,[118. 110. 107. 116. 110. 109. 112. 112. 121.],[110. 112. 110. 111. 110. 108. 113. 108. 103.],112.78,109.44,111.11111111111111,110.0,110.0,110.0,112.0,110.0,110.0
gJS_sBM_cAll_d02_mJS0_ch06,gJS,sBM,cAll,d02,mJS0,ch06,80,[100.  98.  95.  95. 106. 115.  70. 140. 144. 113.  86.  81.  76.],[118.  70. 138. 139. 138. 136.  98. 125. 144. 143.  70. 121. 120.],101.46,120.0,110.73076923076923,95.0,70.0,70.0,98.0,125.0,114.0
gBR_sBM_cAll_d06_mBR3_ch03,gBR,sBM,cAll,d06,mBR3,ch03,110,[122. 113. 111. 112. 107. 119. 144. 102.  99.],[116. 108. 108. 111. 111. 110. 108. 109. 109.],114.33,110.0,112.16666666666667,99.0,108.0,108.0,112.0,109.0,110.5
gJS_sBM_cAll_d01_mJS0_ch08,gJS,sBM,cAll,d01,mJS0,ch08,80,[116. 114. 106. 144.  77. 144. 136. 144. 103. 100.  70. 121. 120.],[ 72.  76. 116. 128. 144.  75.  76.  76.  75.  92. 103. 110. 120.],115.0,97.15,106.07692307692308,144.0,76.0,144.0,116.0,92.0,108.0
gWA_sBM_cAll_d25_mWA0_ch06,gWA,sBM,cAll,d25,mWA0,ch06,80,[ 97.  87.  73. 134.  93.  92.  87.  73. 114. 103.  87.  90. 140.],[ 91. 105. 120. 126. 120. 125. 137. 144. 119. 134. 140.  71.  72.],97.69,115.69,106.6923076923077,87.0,120.0,87.0,92.0,120.0,104.0
gLO_sBM_cAll_d15_mLO5_ch04,gLO,sBM,cAll,d15,mLO5,ch04,130,[119. 128. 133. 138. 116.  82. 124. 131.],[ 74.  78.  81.  86. 100. 105.  98.  90.],121.38,89.0,105.1875,82.0,74.0,74.0,126.0,88.0,102.5
gMH_sBM_cAll_d23_mMH0_ch09,gMH,sBM,cAll,d23,mMH0,ch09,80,[ 95. 104. 111. 115. 122. 129.  75.  79.  77.  82. 122. 100.  96.],[82. 80. 81. 80. 78. 80. 81. 80. 80. 79. 79. 78. 77.],100.54,79.62,90.07692307692308,122.0,80.0,80.0,100.0,80.0,80.5
gLO_sBM_cAll_d14_mLO1_ch01,gLO,sBM,cAll,d14,mLO1,ch01,90,[103. 112. 144. 144. 130. 124.  88. 144. 131.  70.  88.],[ 76.  85. 130. 134. 126. 137. 138. 131. 142.  99.  96.],116.18,117.64,116.9090909090909,144.0,76.0,144.0,124.0,130.0,128.0
gMH_sBM_cAll_d23_mMH5_ch03,gMH,sBM,cAll,d23,mMH5,ch03,130,[126. 123. 121. 121. 114. 118. 121. 113.],[113. 116. 122. 121. 118. 116. 114. 113.],119.62,116.62,118.125,121.0,113.0,121.0,121.0,116.0,118.0
gMH_sBM_cAll_d24_mMH2_ch01,gMH,sBM,cAll,d24,mMH2,ch01,100,[120. 103.  96.  99.  98. 101. 108. 144. 142. 135.],[ 97. 100. 101. 103. 105. 100.  92. 100.  98.  97.],114.6,99.3,106.95,96.0,100.0,100.0,105.5,100.0,100.5
gJS_sBM_cAll_d03_mJS3_ch06,gJS,sBM,cAll,d03,mJS3,ch06,110,[ 97.  97. 106. 108. 108. 104. 144. 140. 118.],[101.  99.  70. 105. 132. 124. 112. 113. 117.],113.56,108.11,110.83333333333333,97.0,70.0,97.0,108.0,112.0,108.0
gJB_sBM_cAll_d09_mJB2_ch10,gJB,sBM,cAll,d09,mJB2,ch10,100,[ 82.  86. 109. 130. 141. 144. 144. 116. 129. 132.],[ 98.  98. 144. 131.  80.  86. 108. 125. 128. 124.],121.3,112.2,116.75,144.0,98.0,144.0,129.5,116.0,124.5
gLO_sBM_cAll_d13_mLO3_ch02,gLO,sBM,cAll,d13,mLO3,ch02,110,[133.  70.  71. 101. 110. 119. 129.  81.  95.],[ 90. 101. 102.  77. 113. 113. 104. 139. 133.],101.0,108.0,104.5,70.0,113.0,101.0,101.0,104.0,103.0
gLH_sBM_cAll_d17_mLH5_ch05,gLH,sBM,cAll,d17,mLH5,ch05,130,[122. 122. 124. 123. 106. 142. 122. 111.],[ 99.  91.  94. 112. 123. 104.  95.  86.],121.5,100.5,111.0,122.0,86.0,122.0,122.0,97.0,111.5
gWA_sBM_cAll_d27_mWA5_ch08,gWA,sBM,cAll,d27,mWA5,ch08,130,[139. 144. 144. 129. 123. 120. 106. 104.],[115. 121.  94.  91. 128. 105. 141. 139.],126.12,116.75,121.4375,144.0,91.0,139.0,126.0,118.0,122.0
gLH_sBM_cAll_d16_mLH2_ch07,gLH,sBM,cAll,d16,mLH2,ch07,100,[115. 120. 135.  90.  98. 101.  90.  71.  81. 144.],[133. 144. 144. 144. 144. 103. 113. 101. 100. 144.],104.5,127.0,115.75,90.0,144.0,144.0,99.5,138.5,114.0
gJB_sBM_cAll_d08_mJB4_ch08,gJB,sBM,cAll,d08,mJB4,ch08,120,[124. 120. 111. 144.  70. 123. 116. 121. 128.],[126. 125. 116. 117. 126. 115. 108. 113. 118.],117.44,118.22,117.83333333333333,70.0,126.0,116.0,121.0,117.0,119.0
gKR_sBM_cAll_d29_mKR1_ch07,gKR,sBM,cAll,d29,mKR1,ch07,90,[ 77.  81. 113. 110.  94.  89. 110. 113. 106. 144.  79.],[ 84.  80.  84. 101. 113. 127. 140. 143.  85.  90.  93.],101.45,103.64,102.54545454545455,110.0,84.0,113.0,106.0,93.0,97.5
gLO_sBM_cAll_d13_mLO3_ch10,gLO,sBM,cAll,d13,mLO3,ch10,110,[ 96. 109. 117. 106. 114. 107. 113. 102.  94.],[ 73.  84.  87.  81. 135. 141.  85. 140.  72.],106.44,99.78,103.11111111111111,94.0,72.0,72.0,107.0,85.0,104.0
gKR_sBM_cAll_d30_mKR2_ch03,gKR,sBM,cAll,d30,mKR2,ch03,100,[ 72. 142. 101. 118. 129.  82.  77. 110.  83.  79.],[144. 144. 144.  75.  75.  75.  74.  76. 144. 138.],99.3,108.9,104.1,72.0,144.0,144.0,92.0,107.0,92.0
gJB_sBM_cAll_d07_mJB3_ch10,gJB,sBM,cAll,d07,mJB3,ch10,110,[144. 113.  81. 105. 112. 102.  80.  78.  86.],[144. 144. 144. 124. 135. 143. 144.  92. 102.],100.11,130.22,115.16666666666667,78.0,144.0,144.0,102.0,143.0,112.5
gLO_sBM_cAll_d14_mLO5_ch07,gLO,sBM,cAll,d14,mLO5,ch07,130,[ 73. 144.  91.  97. 102. 144. 143.  77.],[ 74.  80. 133. 139. 136. 136. 115. 108.],108.88,115.12,112.0,144.0,136.0,136.0,99.5,124.0,111.5
gLO_sBM_cAll_d14_mLO5_ch05,gLO,sBM,cAll,d14,mLO5,ch05,130,[ 81.  82.  71. 122. 138. 103.  70. 138.],[ 86.  93.  99.  94.  81.  86.  92. 112.],100.62,92.88,96.75,138.0,86.0,81.0,92.5,92.5,92.5
gBR_sBM_cAll_d05_mBR1_ch03,gBR,sBM,cAll,d05,mBR1,ch03,90,[120. 135. 138.  95.  87.  87.  96.  90.  90.  90.  85.],[97. 93. 91. 91. 90. 92. 91. 91. 90. 89. 89.],101.18,91.27,96.22727272727273,90.0,91.0,90.0,90.0,91.0,91.0
gLH_sBM_cAll_d16_mLH0_ch06,gLH,sBM,cAll,d16,mLH0,ch06,80,[144.  97. 102. 107. 119. 116.  87.  88.  94. 114. 117.  70.  72.],[144. 112. 109. 133.  90.  92. 112.  82.  80. 124. 123. 144. 144.],102.08,114.54,108.3076923076923,70.0,144.0,144.0,102.0,112.0,110.5
gBR_sBM_cAll_d06_mBR4_ch07,gBR,sBM,cAll,d06,mBR4,ch07,120,[103.  92.  90.  93.  88.  91.  90.  97. 103.],[ 97.  92.  88.  87. 144. 144.  96.  92.  87.],94.11,103.0,98.55555555555556,90.0,87.0,92.0,92.0,92.0,92.0
gHO_sBM_cAll_d19_mHO2_ch02,gHO,sBM,cAll,d19,mHO2,ch02,120,[102. 112. 118. 119. 120. 116. 124. 121. 120.],[106. 117. 122. 119. 122. 117. 119. 120. 125.],116.89,118.56,117.72222222222223,120.0,117.0,119.0,119.0,119.0,119.0
gBR_sBM_cAll_d04_mBR1_ch05,gBR,sBM,cAll,d04,mBR1,ch05,90,[126. 124. 125. 136. 135. 133. 142. 101. 106. 121. 127.],[ 91.  96.  89.  85.  96.  87.  91.  95.  89.  93. 100.],125.09,92.0,108.54545454545455,101.0,89.0,89.0,126.0,91.0,100.5
gPO_sFM_cAll_d11_mPO3_ch11,gPO,sFM,cAll,d11,mPO3,ch11,110,"[ 73.  79.  84. 143.  84.  79.  77.  87. 101. 107.  98. 101.  90.  86.
  84. 144.  90.  87.  83.  82.  95. 103. 115. 113. 101. 102. 111.  74.
  70.  70.  70.  95.  76.  86.  94.]","[ 94.  99. 102.  89.  89. 106. 111. 123. 120. 116. 124. 127. 134. 142.
 144.  73.  77.  91. 129. 144. 144. 112. 112. 110. 104. 100. 107. 108.
 144. 144. 133. 125. 113.  87. 122.]",92.4,114.26,103.32857142857142,70.0,144.0,144.0,87.0,112.0,101.0
gHO_sBM_cAll_d19_mHO0_ch10,gHO,sBM,cAll,d19,mHO0,ch10,110,[ 86. 108. 144. 144. 130. 136. 142. 142. 121.],[102. 104. 107. 105. 111. 122. 141.  99. 107.],128.11,110.89,119.5,142.0,107.0,107.0,136.0,107.0,116.0
gJB_sBM_cAll_d07_mJB1_ch07,gJB,sBM,cAll,d07,mJB1,ch07,90,[115. 103. 105. 109.  93. 125. 108. 101. 104.  85.  85.],[114. 111. 113. 113. 107.  75.  86.  89. 100.  88.  79.],103.0,97.73,100.36363636363636,85.0,113.0,85.0,104.0,100.0,103.5
gHO_sBM_cAll_d21_mHO2_ch04,gHO,sBM,cAll,d21,mHO2,ch04,120,[106. 112.  70. 123. 119. 118. 118. 106. 104.],[113. 115. 120. 122. 119. 116. 120. 120. 114.],108.44,117.67,113.05555555555556,106.0,120.0,120.0,112.0,119.0,117.0
gWA_sBM_cAll_d25_mWA3_ch07,gWA,sBM,cAll,d25,mWA3,ch07,110,[112. 112. 108. 106. 101. 122. 119. 144.  71.],[141.  70. 127. 144. 144.  82.  84.  76.  78.],110.56,105.11,107.83333333333333,112.0,144.0,144.0,112.0,84.0,110.0
gLH_sBM_cAll_d17_mLH0_ch10,gLH,sBM,cAll,d17,mLH0,ch10,80,[110. 106.  99.  70. 135. 119. 102. 105. 112. 132. 144. 144.  77.],[134. 136. 132. 121. 128. 124. 132. 116. 104. 101.  92.  70. 144.],111.92,118.0,114.96153846153847,144.0,132.0,132.0,110.0,124.0,117.5
gMH_sFM_cAll_d24_mMH3_ch18,gMH,sFM,cAll,d24,mMH3,ch18,110,"[132. 144. 104. 102. 109. 112. 110. 130. 136. 123. 107.  99. 100. 108.
  86.  72. 136. 100. 108. 109. 110. 109. 111. 111. 114. 110. 112. 110.
 108. 109. 106. 108. 105. 103. 117.]","[102.  77. 107. 106. 120. 126. 111. 110. 112. 108. 104. 108. 133. 131.
 116. 111. 111. 102. 105. 112. 111. 108. 110. 111. 112. 109. 108. 110.
 111. 110. 110. 114. 125. 112.  92.]",110.57,110.43,110.5,108.0,111.0,110.0,109.0,110.0,110.0
gKR_sBM_cAll_d28_mKR2_ch10,gKR,sBM,cAll,d28,mKR2,ch10,100,[142. 144.  75.  80. 144. 144. 144. 144. 143.  70.],[136.  73.  84.  99. 120. 144. 144. 144. 141. 144.],123.0,122.9,122.95,144.0,144.0,144.0,143.5,138.5,142.5
gKR_sBM_cAll_d28_mKR1_ch06,gKR,sBM,cAll,d28,mKR1,ch06,90,[ 98.  99. 129. 102. 108. 119. 109. 113. 119. 102. 102.],[93. 94. 94. 93. 91. 88. 92. 90. 88. 89. 85.],109.09,90.64,99.86363636363636,102.0,88.0,102.0,108.0,91.0,96.0
gJS_sBM_cAll_d02_mJS5_ch06,gJS,sBM,cAll,d02,mJS5,ch06,130,[ 78.  82.  92. 111. 108.  70. 124. 124.],[124. 120.  82.  76. 108. 104. 107. 137.],98.62,107.25,102.9375,124.0,76.0,124.0,100.0,107.5,107.5
gLH_sFM_cAll_d17_mLH5_ch13,gLH,sFM,cAll,d17,mLH5,ch13,130,"[ 90. 109. 120. 136.  90.  80.  78.  84.  73. 128. 134. 124. 129. 119.
 127. 136. 139. 115. 108. 144. 123.  96.  98. 129.  70.  72.  80.  80.
 144.  99.]","[107. 102. 144.  76. 142. 131. 139. 138.  92.  92. 144. 128. 132. 134.
 121. 111. 103.  91.  87. 126. 108. 144. 135. 135. 126. 121. 114. 103.
 144. 141.]",108.47,120.37,114.41666666666667,80.0,144.0,144.0,112.0,126.0,120.5
gBR_sBM_cAll_d04_mBR3_ch09,gBR,sBM,cAll,d04,mBR3,ch09,110,[ 72. 143. 139. 135. 136. 143.  83. 124. 114.],[115. 114. 111. 111. 109. 113. 110. 103.  97.],121.0,109.22,115.11111111111111,143.0,111.0,111.0,135.0,111.0,113.5
gHO_sBM_cAll_d21_mHO4_ch04,gHO,sBM,cAll,d21,mHO4,ch04,130,[138. 136. 121.  70.  70. 132.  70. 109.],[126. 129. 127. 130. 136. 130. 126. 125.],105.75,128.62,117.1875,70.0,126.0,70.0,115.0,128.0,126.5
gBR_sBM_cAll_d06_mBR3_ch09,gBR,sBM,cAll,d06,mBR3,ch09,110,[124. 123. 110. 136. 137. 133. 114. 112. 114.],[101. 103. 112. 110. 113. 108. 110.  70. 136.],122.56,107.0,114.77777777777777,114.0,110.0,110.0,123.0,110.0,112.5
gHO_sBM_cAll_d19_mHO3_ch06,gHO,sBM,cAll,d19,mHO3,ch06,125,[ 79.  83.  73. 129.  84.  80.  73. 136.],[128. 125. 122. 125. 129. 124. 123. 126.],92.12,125.25,108.6875,73.0,125.0,73.0,81.5,125.0,123.5
gMH_sBM_cAll_d22_mMH1_ch09,gMH,sBM,cAll,d22,mMH1,ch09,90,[141. 140. 144.  89.  94.  93.  85. 144.  91.  91.  97.],[79. 87. 91. 88. 91. 92. 90. 95. 92. 87. 85.],109.91,88.82,99.36363636363636,91.0,87.0,91.0,94.0,90.0,91.0
gJB_sBM_cAll_d09_mJB2_ch02,gJB,sBM,cAll,d09,mJB2,ch02,100,[104. 107. 103. 144. 144. 144. 100. 106.  70.  83.],[130. 113. 111. 101.  97. 107. 139. 106. 110. 105.],110.5,111.9,111.2,144.0,97.0,144.0,105.0,108.5,106.5
gHO_sBM_cAll_d21_mHO2_ch09,gHO,sBM,cAll,d21,mHO2,ch09,120,[131. 125. 121. 122. 121. 124. 120. 118. 118.],[119. 118. 118. 121. 123. 122. 119. 120. 121.],122.22,120.11,121.16666666666667,118.0,118.0,118.0,121.0,120.0,121.0
gJS_sBM_cAll_d02_mJS0_ch02,gJS,sBM,cAll,d02,mJS0,ch02,80,[120. 120. 144. 144. 144. 144. 144. 144. 110. 125. 132. 144.  88.],[ 88.  91. 107. 118. 114. 117.  80.  93. 127. 127. 142. 102. 100.],131.0,108.15,119.57692307692308,144.0,127.0,144.0,144.0,107.0,120.0
gLO_sBM_cAll_d15_mLO3_ch01,gLO,sBM,cAll,d15,mLO3,ch01,110,[144. 141. 122. 117. 112. 109. 111. 116. 120.],[ 75.  84.  99. 105. 101. 144.  87. 139. 135.],121.33,107.67,114.5,109.0,75.0,144.0,117.0,101.0,114.0
gWA_sBM_cAll_d26_mWA0_ch09,gWA,sBM,cAll,d26,mWA0,ch09,80,[ 84.  75. 117. 120. 111. 108. 117. 136.  73.  78. 136. 144. 144.],[ 76.  87.  98. 101.  89.  87. 115. 124.  84.  87. 123. 125. 118.],111.0,101.08,106.03846153846153,117.0,87.0,87.0,117.0,98.0,109.5
gMH_sBM_cAll_d22_mMH0_ch09,gMH,sBM,cAll,d22,mMH0,ch09,80,[82. 84. 83. 79. 78. 79. 81. 79. 79. 79. 80. 80. 80.],[ 75.  79.  81. 144.  83.  81.  80.  80.  80.  78.  78.  79.  83.],80.23,84.69,82.46153846153847,79.0,80.0,79.0,80.0,80.0,80.0
gLH_sBM_cAll_d17_mLH4_ch01,gLH,sBM,cAll,d17,mLH4,ch01,120,[84. 85. 91. 91. 89. 89. 93. 93. 88.],[ 88.  70. 122. 121. 120. 119. 122. 125. 124.],89.22,112.33,100.77777777777777,89.0,122.0,88.0,89.0,121.0,92.0
gWA_sBM_cAll_d26_mWA1_ch04,gWA,sBM,cAll,d26,mWA1,ch04,90,[127. 132. 124.  77.  74.  72. 109.  99.  80. 114. 104.],[ 89.  87. 144. 144. 144. 138.  70. 105.  94.  94.  98.],101.09,109.73,105.4090909090909,72.0,144.0,144.0,104.0,98.0,101.5
gKR_sBM_cAll_d29_mKR4_ch08,gKR,sBM,cAll,d29,mKR4,ch08,120,[ 90.  85.  83. 134. 119. 115. 118. 121. 129.],[128. 122. 119. 120. 122. 116. 118. 116. 101.],110.44,118.0,114.22222222222223,83.0,116.0,116.0,118.0,119.0,118.5
gJB_sBM_cAll_d07_mJB1_ch06,gJB,sBM,cAll,d07,mJB1,ch06,90,[144. 144. 144.  83.  74. 116. 117. 128. 124.  80. 144.],[73. 78. 81. 79. 83. 82. 73. 73. 83. 84. 72.],118.0,78.27,98.13636363636364,144.0,73.0,144.0,124.0,79.0,83.0
gLO_sBM_cAll_d13_mLO2_ch08,gLO,sBM,cAll,d13,mLO2,ch08,100,[112. 104. 102.  97.  95. 102.  97. 106.  91.  77.],[144.  99. 103. 101.  98. 106.  96. 105. 128. 140.],98.3,112.0,105.15,97.0,96.0,97.0,99.5,104.0,102.0
gBR_sBM_cAll_d04_mBR1_ch09,gBR,sBM,cAll,d04,mBR1,ch09,90,[126. 129.  70. 140. 130. 137. 115. 106.  85.  92.  95.],[100.  96.  91.  90.  94.  83.  90.  89.  90.  94.  95.],111.36,92.0,101.68181818181819,70.0,90.0,90.0,115.0,91.0,94.5
gJB_sBM_cAll_d09_mJB3_ch09,gJB,sBM,cAll,d09,mJB3,ch09,110,[122. 117.  79.  82.  70. 144.  85.  94. 130.],[133. 133. 141. 144. 130. 122. 133. 144. 106.],102.56,131.78,117.16666666666667,70.0,133.0,133.0,94.0,133.0,126.0
gJS_sBM_cAll_d02_mJS0_ch01,gJS,sBM,cAll,d02,mJS0,ch01,80,[124. 134. 144. 143. 144.  85.  85. 128.  70.  70.  70. 141. 141.],[121. 117. 109.  72.  74. 144.  78.  70.  70.  94. 114.  70.  80.],113.77,93.31,103.53846153846153,70.0,70.0,70.0,128.0,80.0,101.5
gMH_sBM_cAll_d24_mMH2_ch05,gMH,sBM,cAll,d24,mMH2,ch05,100,[ 96.  99. 102. 106. 102.  95.  95. 107. 103.  99.],[144. 143. 103.  92.  74. 117. 100.  98.  93. 135.],100.4,109.9,105.15,95.0,74.0,95.0,100.5,101.5,101.0
gLH_sBM_cAll_d17_mLH1_ch06,gLH,sBM,cAll,d17,mLH1,ch06,90,[111. 101.  82.  94. 143.  72.  83.  86.  75. 116. 122.],[142. 144.  83.  87.  89.  91.  89.  91.  93.  85. 130.],98.64,102.18,100.4090909090909,72.0,89.0,83.0,94.0,91.0,91.0
gJS_sBM_cAll_d03_mJS2_ch01,gJS,sBM,cAll,d03,mJS2,ch01,100,[102. 106. 107. 100.  95. 140.  73.  85. 131. 126.],[103.  82. 124. 110. 115. 115. 111. 109.  96.  96.],106.5,106.1,106.3,73.0,96.0,96.0,104.0,109.5,106.5
gWA_sBM_cAll_d26_mWA1_ch03,gWA,sBM,cAll,d26,mWA1,ch03,90,[103.  92.  84.  85. 135. 122. 116.  78.  80.  77. 104.],[105. 105. 120. 140. 104. 105.  93. 126. 113. 108.  77.],97.82,108.73,103.27272727272727,77.0,105.0,105.0,92.0,105.0,104.5
gBR_sBM_cAll_d06_mBR2_ch07,gBR,sBM,cAll,d06,mBR2,ch07,100,[ 80.  75.  72.  78.  73. 103. 103.  70.  78.  83.],[100. 100.  98.  96. 101.  70.  71.  76.  81.  84.],81.5,87.7,84.6,78.0,100.0,70.0,78.0,90.0,80.5
gMH_sBM_cAll_d22_mMH2_ch07,gMH,sBM,cAll,d22,mMH2,ch07,100,[ 70.  83. 100. 101.  98.  93.  79.  76.  71. 141.],[109. 103. 104. 103.  96. 144. 144. 144. 144. 136.],91.2,122.7,106.95,70.0,144.0,144.0,88.0,122.5,102.0
gLO_sFM_cAll_d14_mLO3_ch11,gLO,sFM,cAll,d14,mLO3,ch11,110,"[144. 144. 144.  70. 112. 114.  70. 144. 126. 130. 136. 109. 100. 144.
  71.  99.  95.  84.  94.  87.  86.  96.  81.  86.  89. 144. 136. 118.
 117. 113. 107. 103.  95.  97.  70.]","[144. 136. 102. 102. 112. 121. 121. 127.  73. 144. 144. 140. 127.  87.
 129. 128. 144. 143. 122. 116. 138.  76. 126. 123. 123.  80.  73.  70.
  87. 103.  99. 133. 128. 130.  70.]",107.29,114.89,111.08571428571429,144.0,144.0,144.0,103.0,123.0,113.5
gPO_sBM_cAll_d10_mPO3_ch04,gPO,sBM,cAll,d10,mPO3,ch04,110,[111. 109. 127. 140.  77.  77. 127. 107. 144.],[79. 86. 82. 86. 84. 79. 81. 87. 89.],113.22,83.67,98.44444444444444,77.0,79.0,77.0,111.0,84.0,86.5
gMH_sBM_cAll_d24_mMH2_ch03,gMH,sBM,cAll,d24,mMH2,ch03,100,[105. 101.  97. 101. 102. 101. 100.  96. 102. 104.],[ 94.  97. 100. 102. 102.  98. 100.  98.  95. 144.],100.9,103.0,101.95,101.0,98.0,102.0,101.0,99.0,100.5
gMH_sBM_cAll_d23_mMH4_ch08,gMH,sBM,cAll,d23,mMH4,ch08,120,[109. 122. 123. 122. 117. 115. 119. 126. 131.],[111. 121. 124. 119. 117. 117. 118. 119. 114.],120.44,117.78,119.11111111111111,122.0,117.0,117.0,122.0,118.0,119.0
gMH_sBM_cAll_d24_mMH4_ch03,gMH,sBM,cAll,d24,mMH4,ch03,120,[127. 123. 120. 118. 117. 122. 122. 121. 120.],[118. 117. 121. 117. 117. 122. 123. 122. 126.],121.11,120.33,120.72222222222223,120.0,117.0,117.0,121.0,121.0,121.0
gPO_sBM_cAll_d12_mPO4_ch09,gPO,sBM,cAll,d12,mPO4,ch09,120,[ 88.  81.  78. 101.  91.  75. 132. 144. 144.],[ 82.  72. 144. 119. 117. 119. 119. 144. 144.],103.78,117.78,110.77777777777777,144.0,119.0,144.0,91.0,119.0,118.0
gLO_sFM_cAll_d13_mLO0_ch01,gLO,sFM,cAll,d13,mLO0,ch01,80,"[ 74.  77.  79.  86.  81. 144. 144.  78.  77.  72. 108. 100.  88. 125.
 117. 117. 116. 102. 135.  75.  70.  70. 123. 113. 110. 131. 119. 103.
 107. 110. 107.  89.  79.  77.  71. 123. 131. 111. 112. 133. 144.  89.
  91. 104. 120. 125. 137. 144.]","[ 80.  79.  85.  88.  83.  76.  77.  78.  76.  83.  79. 142.  88.  82.
  79. 113. 124. 142. 101.  80.  80.  84.  80.  82.  96. 111. 130. 144.
 135. 124. 127.  70.  78.  85.  99. 144.  87.  95. 106.  99.  95.  84.
 133. 126. 126. 122.  83.  77.]",104.96,98.69,101.82291666666667,144.0,80.0,144.0,107.5,87.5,99.0
gJB_sBM_cAll_d08_mJB5_ch05,gJB,sBM,cAll,d08,mJB5,ch05,130,[116. 118. 123. 131.  70.  70. 120. 138.],[129. 129. 129. 131. 133. 130. 126. 125.],110.75,129.0,119.875,70.0,129.0,129.0,119.0,129.0,127.5
gJB_sBM_cAll_d09_mJB4_ch09,gJB,sBM,cAll,d09,mJB4,ch09,120,[125. 144.  93.  98. 107. 105.  93.  91.  91.],[144.  81.  86.  93.  93.  78.  75.  82. 127.],105.22,95.44,100.33333333333333,91.0,93.0,93.0,98.0,86.0,93.0
gHO_sBM_cAll_d21_mHO3_ch05,gHO,sBM,cAll,d21,mHO3,ch05,125,[120. 121. 119. 118. 120. 129. 140. 136.],[122. 118. 118. 125. 127. 131. 131. 128.],125.38,125.0,125.1875,120.0,118.0,118.0,120.5,126.0,123.5
gWA_sFM_cAll_d26_mWA3_ch14,gWA,sFM,cAll,d26,mWA3,ch14,110,"[144. 118. 121. 128.  93. 104. 105. 104. 115. 108. 144. 144.  93.  73.
 105.  83. 125. 115.  98. 144.  70.  86. 102. 119. 124. 107.  94.  86.
  90. 126. 128. 144. 131.  73.  86.]","[144. 144. 144. 108.  79.  74. 144. 144.  87. 144. 144. 103.  99. 140.
  96. 106. 101.  95. 104. 107. 127. 133.  84.  86. 133.  91.  90. 133.
 137.  83.  91.  95. 107. 123. 134.]",109.43,112.97,111.2,144.0,144.0,144.0,107.0,107.0,107.0
gJS_sBM_cAll_d01_mJS3_ch05,gJS,sBM,cAll,d01,mJS3,ch05,110,[116. 109. 111. 115. 115. 112.  98. 109. 105.],[ 94.  85. 144. 138. 129. 126.  77.  71. 110.],110.0,108.22,109.11111111111111,109.0,71.0,109.0,111.0,110.0,110.5
gKR_sBM_cAll_d30_mKR2_ch08,gKR,sBM,cAll,d30,mKR2,ch08,100,[ 95. 109. 126. 127. 116. 128. 122. 133.  90. 110.],[112.  96.  96. 106.  96. 101. 102. 100. 100.  93.],115.6,100.2,107.9,90.0,96.0,96.0,119.0,100.0,104.0
gKR_sBM_cAll_d30_mKR5_ch03,gKR,sBM,cAll,d30,mKR5,ch03,130,[100.  99.  95.  97.  98.  98.  93. 101.],[ 92. 109. 123. 129.  70. 114.  98.  95.],97.62,103.75,100.6875,98.0,70.0,98.0,98.0,103.5,98.0
gLH_sFM_cAll_d18_mLH0_ch21,gLH,sFM,cAll,d18,mLH0,ch21,80,"[ 82.  90.  93. 144.  87.  87.  76. 111. 107. 143.  78.  80.  85.  93.
  86.  84.  89. 116. 100. 102. 106. 107.  94.  90. 142. 133. 127. 129.
  77.  82.  86. 144. 144.  97.  80.  78.  90.  82.  92.  99.  99. 105.
  70. 122. 116. 100.  99. 144.]","[116. 106.  86.  82.  77.  73.  78.  76. 126.  90.  90. 140. 101.  83.
  77.  85.  87. 135. 128.  74.  95. 134.  70.  96. 119. 124.  77.  87.
  93.  73. 112. 113. 110. 102. 127.  78. 141. 123.  71.  80.  97.  93.
  84. 101. 142.  70.  71.  78.]",101.4,97.31,99.35416666666667,144.0,77.0,78.0,95.5,91.5,93.0
gPO_sBM_cAll_d11_mPO5_ch09,gPO,sBM,cAll,d11,mPO5,ch09,130,[104. 121. 120. 109. 106. 121. 118. 103.],[121. 123. 100. 102. 100.  95.  94.  97.],112.75,104.0,108.375,121.0,100.0,121.0,113.5,100.0,105.0
gHO_sBM_cAll_d19_mHO1_ch06,gHO,sBM,cAll,d19,mHO1,ch06,115,[ 70.  76. 107. 118. 117. 115. 112. 116.  70.],[108. 111. 111. 111. 115. 116. 116. 117. 123.],100.11,114.22,107.16666666666667,70.0,111.0,111.0,112.0,115.0,113.5
gLH_sBM_cAll_d17_mLH1_ch04,gLH,sBM,cAll,d17,mLH1,ch04,90,[144. 141. 132. 140. 144. 107. 106.  76. 144. 113. 105.],[121. 139. 144. 131. 136. 134. 127. 144. 102. 144. 134.],122.91,132.36,127.63636363636364,144.0,144.0,144.0,132.0,134.0,134.0
gMH_sBM_cAll_d23_mMH5_ch05,gMH,sBM,cAll,d23,mMH5,ch05,130,[122. 121. 124. 126. 127. 132. 126. 122.],[138. 128. 122. 128. 127. 126. 123. 125.],125.0,127.12,126.0625,122.0,128.0,122.0,125.0,126.5,126.0
gBR_sBM_cAll_d04_mBR0_ch01,gBR,sBM,cAll,d04,mBR0,ch01,80,[131. 122. 116. 124. 123. 119. 123. 121. 123. 122. 123. 135. 144.],[132.  71.  79.  81.  81.  80.  81.  81.  80.  80.  79.  78.  78.],125.08,83.15,104.11538461538461,123.0,81.0,81.0,123.0,80.0,117.5
gMH_sBM_cAll_d24_mMH3_ch03,gMH,sBM,cAll,d24,mMH3,ch03,110,[115. 111. 104.  81. 111. 109. 108.  87.  71.],[110. 115. 109. 110. 111. 110. 110. 108. 110.],99.67,110.33,105.0,111.0,110.0,110.0,108.0,110.0,110.0
gKR_sBM_cAll_d29_mKR5_ch04,gKR,sBM,cAll,d29,mKR5,ch04,130,[144. 127. 130.  98.  97.  98.  92.  87.],[122. 127. 132. 134. 128. 126. 123. 144.],109.12,129.5,119.3125,98.0,122.0,98.0,98.0,127.5,126.5
gWA_sBM_cAll_d26_mWA0_ch04,gWA,sBM,cAll,d26,mWA0,ch04,80,[ 83.  80. 144. 124.  87.  86.  84. 102. 126. 141.  82.  81.  80.],[122. 115. 107. 116. 144.  98.  93.  90.  70.  70.  79.  76.  70.],100.0,96.15,98.07692307692308,80.0,70.0,70.0,86.0,93.0,88.5
gLH_sBM_cAll_d18_mLH4_ch02,gLH,sBM,cAll,d18,mLH4,ch02,120,[103.  99.  97.  96.  82.  87.  89.  85.  86.],[122. 123. 119. 122. 118. 115. 125. 113.  98.],91.56,117.22,104.38888888888889,82.0,122.0,122.0,89.0,119.0,101.0
gMH_sFM_cAll_d23_mMH0_ch14,gMH,sFM,cAll,d23,mMH0,ch14,80,"[121. 116. 112. 119. 130. 143.  84.  83.  81. 135. 102. 114. 124.  73.
  81. 116. 144. 139.  90.  82.  88.  88.  80.  70. 144. 142. 142.  98.
 105. 123. 132.  90.  90. 124. 130.  89.  88.  86.  87.  94.  81.  75.
 117.  90. 100. 107.  90. 144.]","[ 84.  83.  85. 144. 125.  82. 144. 143.  85.  83.  86.  90.  90.  94.
  93.  82.  77. 144.  94.  81.  89. 104.  83.  83.  79.  70. 144. 115.
 115.  96. 131. 114.  88.  97.  88. 144. 144. 126. 144. 142. 138. 144.
 116. 107. 105.  97.  95. 144.]",105.9,106.9,106.39583333333333,90.0,144.0,144.0,101.0,96.5,97.5
gHO_sBM_cAll_d21_mHO3_ch04,gHO,sBM,cAll,d21,mHO3,ch04,125,[122. 125. 129. 127. 122. 125. 126. 124.],[120. 119. 125. 127. 123. 125. 125. 121.],125.0,123.12,124.0625,122.0,125.0,125.0,125.0,124.0,125.0
gMH_sBM_cAll_d22_mMH0_ch04,gMH,sBM,cAll,d22,mMH0,ch04,80,[84. 84. 81. 80. 81. 78. 80. 83. 79. 79. 79. 84. 93.],[ 84.  70.  73.  89.  93.  83. 144. 125. 144.  82.  75. 105.  96.],81.92,97.15,89.53846153846153,79.0,144.0,84.0,81.0,89.0,83.0
gHO_sBM_cAll_d20_mHO0_ch08,gHO,sBM,cAll,d20,mHO0,ch08,110,[109. 114. 110. 114. 111. 117. 132.  85.  85.],[107. 111. 113. 113. 109. 110. 110. 106. 113.],108.56,110.22,109.38888888888889,85.0,113.0,110.0,111.0,110.0,110.5
gHO_sBM_cAll_d21_mHO5_ch09,gHO,sBM,cAll,d21,mHO5,ch09,135,[129.  70.  70. 137. 135. 133. 134. 136.],[132. 133. 134. 136. 135. 133. 133. 133.],118.0,133.62,125.8125,70.0,133.0,133.0,133.5,133.0,133.0
gLH_sBM_cAll_d18_mLH5_ch04,gLH,sBM,cAll,d18,mLH5,ch04,130,[128. 131. 119. 144. 135. 127.  93. 111.],[ 75.  82. 134. 131. 127. 136. 135. 133.],123.5,119.12,121.3125,93.0,75.0,127.0,127.5,132.0,129.5
gJB_sBM_cAll_d08_mJB1_ch07,gJB,sBM,cAll,d08,mJB1,ch07,90,[109. 109.  99.  98. 125.  85.  87.  93.  98.  86.  79.],[131. 141. 101. 139. 144.  81. 144.  95.  85. 144. 104.],97.09,119.0,108.04545454545455,98.0,144.0,144.0,98.0,131.0,100.0
gLH_sBM_cAll_d16_mLH3_ch04,gLH,sBM,cAll,d16,mLH3,ch04,110,[ 90. 103. 114. 110. 111. 104. 115. 108.  97.],[ 84.  70. 105. 144. 110. 114. 112. 115. 121.],105.78,108.33,107.05555555555556,90.0,70.0,110.0,108.0,112.0,110.0
gLO_sBM_cAll_d15_mLO3_ch05,gLO,sBM,cAll,d15,mLO3,ch05,110,[75. 79. 86. 87. 83. 77. 81. 89. 90.],[ 93. 110. 105.  81.  80.  83.  83.  89.  70.],83.0,88.22,85.61111111111111,75.0,83.0,83.0,83.0,83.0,83.0
gMH_sBM_cAll_d24_mMH2_ch10,gMH,sBM,cAll,d24,mMH2,ch10,100,[144. 144. 144. 144. 144. 144. 144. 144. 101. 124.],[104. 101. 101. 100. 101.  99.  98. 100.  96.  87.],137.7,98.7,118.2,144.0,101.0,144.0,144.0,100.0,102.5
gMH_sBM_cAll_d24_mMH3_ch08,gMH,sBM,cAll,d24,mMH3,ch08,110,[141. 141. 133. 121. 110.  70.  70. 115. 105.],[109. 112. 109. 110. 114. 114.  77.  81. 111.],111.78,104.11,107.94444444444444,70.0,109.0,70.0,115.0,110.0,110.5
gHO_sBM_cAll_d19_mHO3_ch10,gHO,sBM,cAll,d19,mHO3,ch10,125,[ 73.  70.  70.  92. 144.  94.  70.  75.],[ 94.  85.  98.  94. 144. 144. 110. 106.],86.0,109.38,97.6875,70.0,94.0,70.0,74.0,102.0,94.0
gPO_sBM_cAll_d11_mPO5_ch04,gPO,sBM,cAll,d11,mPO5,ch04,130,[110.  92.  79.  75. 112.  90.  84.  81.],[ 88.  97. 144.  70.  81.  94. 115. 124.],90.38,101.62,96.0,75.0,70.0,81.0,87.0,95.5,91.0
gJB_sBM_cAll_d09_mJB4_ch01,gJB,sBM,cAll,d09,mJB4,ch01,120,[115. 113.  97.  91.  98.  99. 100. 103. 109.],[123. 124. 112. 101. 108. 118. 130. 133. 133.],102.78,120.22,111.5,91.0,133.0,133.0,100.0,123.0,110.5
gJB_sFM_cAll_d07_mJB1_ch02,gJB,sFM,cAll,d07,mJB1,ch02,90,"[124. 138. 144. 122.  70. 144. 144.  87.  70. 117.  76.  92.  92.  71.
  79.  86.  87. 106. 137. 128. 112.  97.  92.  92.  90.  70. 105. 108.
 107. 117. 123. 119.  90. 102. 114. 107.  94. 103. 104. 104. 104.  88.
  78.]","[144.  70.  87.  70.  96. 141. 143. 138. 128. 128. 110. 100. 125. 111.
 123.  70. 144. 144. 144. 102.  76.  77.  78.  78.  70. 116.  70. 130.
 144. 105.  70.  89.  89.  80.  71.  71.  82.  82.  94.  94. 105. 102.
 103.]",103.12,102.19,102.65116279069767,92.0,70.0,70.0,104.0,100.0,102.0
gLO_sFM_cAll_d14_mLO4_ch12,gLO,sFM,cAll,d14,mLO4,ch12,120,"[111. 121. 122. 123. 121. 121. 120. 104.  90.  85.  82.  84.  72. 126.
 111.  70.  84. 116. 118. 120. 144. 115. 128. 129. 116. 103.  97. 101.
 117. 125. 137. 144.]","[116. 120. 122. 118. 117. 124. 122. 112.  94. 113. 121. 122. 122. 120.
 118.  99.  83.  82.  91.  97. 144. 144. 100. 100.  93. 100. 116. 123.
 117. 116. 125. 130.]",111.16,113.16,112.15625,121.0,122.0,116.0,116.5,117.0,117.0
gKR_sBM_cAll_d28_mKR1_ch09,gKR,sBM,cAll,d28,mKR1,ch09,90,[122.  70.  94.  87.  87.  89.  93.  97.  92.  84.  77.],[ 97.  92.  89. 135. 135. 109.  84.  70.  70.  74.  70.],90.18,93.18,91.68181818181819,87.0,70.0,70.0,89.0,89.0,89.0
gPO_sBM_cAll_d10_mPO1_ch06,gPO,sBM,cAll,d10,mPO1,ch06,90,[144. 113. 104.  98. 144. 144. 119. 144. 117. 105. 106.],[144. 144. 143. 134. 129. 121. 109. 106. 109.  70.  78.],121.64,117.0,119.31818181818181,144.0,109.0,144.0,117.0,121.0,118.0
gHO_sBM_cAll_d19_mHO3_ch05,gHO,sBM,cAll,d19,mHO3,ch05,125,[122. 117. 123. 127. 127. 126. 128. 125.],[122. 127. 125. 122. 126. 125. 125. 126.],124.38,124.75,124.5625,127.0,125.0,125.0,125.5,125.0,125.0
gHO_sBM_cAll_d20_mHO0_ch07,gHO,sBM,cAll,d20,mHO0,ch07,110,[ 74. 116. 113. 110. 111. 111. 110. 111. 117.],[116. 113. 112. 111. 111. 111. 110. 111. 111.],108.11,111.78,109.94444444444444,111.0,111.0,111.0,111.0,111.0,111.0
gJS_sBM_cAll_d03_mJS3_ch08,gJS,sBM,cAll,d03,mJS3,ch08,110,[141. 143. 142. 134. 141. 135. 140. 129. 127.],[109. 109. 109. 111. 115. 110. 107. 106.  99.],136.89,108.33,122.61111111111111,141.0,109.0,109.0,140.0,109.0,121.0
gJB_sBM_cAll_d09_mJB4_ch07,gJB,sBM,cAll,d09,mJB4,ch07,120,[111. 117. 120. 133. 135.  86. 132. 137.  84.],[ 95.  98.  94.  96. 107. 102.  94.  93.  96.],117.22,97.22,107.22222222222223,84.0,94.0,94.0,120.0,96.0,100.0
gLH_sBM_cAll_d18_mLH5_ch08,gLH,sBM,cAll,d18,mLH5,ch08,130,[ 91.  88.  83. 133. 112. 102.  79.  70.],[133. 134. 133. 133. 128. 132.  87.  89.],94.75,121.12,107.9375,70.0,133.0,133.0,89.5,132.5,107.0
gBR_sBM_cAll_d06_mBR4_ch05,gBR,sBM,cAll,d06,mBR4,ch05,120,[140.  92.  88.  90.  82.  83.  92.  98. 105.],[123. 122. 118. 123. 117. 116. 121. 127. 126.],96.67,121.44,109.05555555555556,92.0,123.0,92.0,92.0,122.0,116.5
gMH_sBM_cAll_d22_mMH3_ch08,gMH,sBM,cAll,d22,mMH3,ch08,110,[ 93. 144. 112. 104. 144. 118. 144. 108. 112.],[100. 105. 104.  79.  70. 115. 117.  71. 131.],119.89,99.11,109.5,144.0,70.0,144.0,112.0,104.0,110.0
gLO_sBM_cAll_d14_mLO5_ch04,gLO,sBM,cAll,d14,mLO5,ch04,130,[144. 143. 122.  87.  89.  88. 131. 132.],[ 74. 142. 129. 133. 130. 128.  70.  79.],117.0,110.62,113.8125,87.0,70.0,70.0,126.5,128.5,128.5
gWA_sBM_cAll_d27_mWA3_ch04,gWA,sBM,cAll,d27,mWA3,ch04,110,[131. 128.  70.  81.  84.  92. 106. 114. 121.],[112. 109. 111. 144. 142.  81. 138. 140. 144.],103.0,124.56,113.77777777777777,70.0,144.0,81.0,106.0,138.0,113.0
gHO_sBM_cAll_d20_mHO0_ch02,gHO,sBM,cAll,d20,mHO0,ch02,110,[121. 115. 108. 107. 110. 114. 111. 106. 106.],[105. 109. 109. 111. 108. 110. 111. 110. 106.],110.89,108.78,109.83333333333333,106.0,109.0,106.0,110.0,109.0,109.5
gJB_sBM_cAll_d07_mJB1_ch03,gJB,sBM,cAll,d07,mJB1,ch03,90,[ 94. 100. 118.  81.  85.  81.  79.  80.  81.  82.  83.],[87. 87. 82. 83. 85. 79. 79. 79. 81. 84. 86.],87.64,82.91,85.27272727272727,81.0,79.0,79.0,82.0,83.0,82.5
gJB_sBM_cAll_d09_mJB5_ch02,gJB,sBM,cAll,d09,mJB5,ch02,130,[144.  70.  70. 118.  72.  73.  79.  89.],[138. 141.  84. 119. 137. 144.  75.  80.],89.38,114.75,102.0625,70.0,75.0,70.0,76.0,128.0,86.5
gKR_sBM_cAll_d29_mKR4_ch05,gKR,sBM,cAll,d29,mKR4,ch05,120,[115. 100. 103. 107. 115. 124. 127. 126. 129.],[127. 118. 115. 115. 118. 122. 115. 106. 103.],116.22,115.44,115.83333333333333,115.0,115.0,115.0,115.0,115.0,115.0
gPO_sBM_cAll_d12_mPO4_ch04,gPO,sBM,cAll,d12,mPO4,ch04,120,[ 96.  93.  81. 135. 129. 124. 115. 110. 106.],[ 73. 124. 117. 107. 106. 108. 113. 141. 144.],109.89,114.78,112.33333333333333,81.0,73.0,106.0,110.0,113.0,111.5
gJS_sFM_cAll_d03_mJS3_ch04,gJS,sFM,cAll,d03,mJS3,ch04,110,"[ 79. 144. 144. 144. 141. 137. 141. 131. 116. 111.  70. 142. 125.  90.
 104. 111. 144. 144. 144. 135. 118. 131.  70. 140. 100. 103. 108. 111.
  93.  86.  87.  77. 111. 114. 109.]","[ 89. 103. 106. 100.  95.  98. 107. 100. 107. 143.  78.  96. 123. 119.
 105. 110. 128. 125. 114. 115. 120. 121. 131. 138. 116.  70. 144.  70.
  89. 141.  80.  84.  88. 100. 102.]",115.86,107.29,111.57142857142857,144.0,100.0,144.0,114.0,106.0,111.0
gWA_sBM_cAll_d27_mWA4_ch09,gWA,sBM,cAll,d27,mWA4,ch09,120,[ 80. 117.  91.  96.  70.  81.  87.  87.  87.],[144. 144. 142.  87.  82.  87.  96. 102. 103.],88.44,109.67,99.05555555555556,87.0,87.0,87.0,87.0,102.0,89.0
gJS_sBM_cAll_d01_mJS1_ch05,gJS,sBM,cAll,d01,mJS1,ch05,90,[141. 111.  92.  74. 110. 113. 121. 144.  87.  92.  72.],[115. 114.  87.  91. 100. 109. 119.  79.  90. 120. 127.],105.18,104.64,104.9090909090909,92.0,79.0,87.0,110.0,109.0,109.5
gWA_sBM_cAll_d25_mWA0_ch09,gWA,sBM,cAll,d25,mWA0,ch09,80,[144. 144.  89.  86.  81.  89. 121. 114. 102.  84.  94. 118. 135.],[ 70.  73. 144. 141. 140.  95. 102. 115. 120. 144. 144.  90.  92.],107.77,113.08,110.42307692307692,89.0,144.0,144.0,102.0,115.0,108.0
gPO_sFM_cAll_d12_mPO5_ch20,gPO,sFM,cAll,d12,mPO5,ch20,130,"[108. 115. 122.  87. 104. 107. 115. 122.  83.  78.  70.  75. 104. 113.
 113. 117. 111.  92. 133.  72.  75. 135. 133. 132.  81. 103.  98. 143.
 144.  74.]","[115. 119. 104.  96.  96. 144. 144.  70. 121.  91.  90.  93. 144.  70.
  76.  95. 127. 122. 126.  89.  82.  73. 122. 114. 103. 123.  83.  99.
 127. 128.]",105.3,106.2,105.75,75.0,144.0,122.0,107.5,103.5,105.5
gLO_sFM_cAll_d15_mLO2_ch17,gLO,sFM,cAll,d15,mLO2,ch17,100,"[114. 114. 110. 104. 144. 144. 142. 139. 128.  93.  93.  95. 127. 132.
  92. 107. 113.  93. 124. 127. 100.  70. 144. 144. 138. 121. 126. 144.
 144. 108. 102. 106. 122. 126. 120.  78.  70.  99.  86.]","[126. 144. 144. 109. 100.  98. 111. 107.  93.  90. 110. 120. 129. 121.
 144. 106. 105.  96.  86. 130.  70.  81. 103. 108. 105. 100. 101. 144.
  82.  72. 144. 144. 101. 102. 115. 117. 109. 108. 103.]",114.95,109.69,112.32051282051282,144.0,144.0,144.0,114.0,107.0,109.0
gJB_sBM_cAll_d09_mJB4_ch02,gJB,sBM,cAll,d09,mJB4,ch02,120,[126.  70. 115. 119. 126. 132. 132.  70. 138.],[113. 123. 125. 113. 121. 132.  72.  82.  90.],114.22,107.89,111.05555555555556,70.0,113.0,132.0,126.0,113.0,120.0
gLO_sBM_cAll_d13_mLO1_ch08,gLO,sBM,cAll,d13,mLO1,ch08,90,[83. 86. 92. 88. 87. 96. 89. 91. 92. 82. 84.],[86. 91. 91. 88. 92. 91. 89. 92. 92. 86. 82.],88.18,89.09,88.63636363636364,92.0,91.0,92.0,88.0,91.0,89.0
gPO_sBM_cAll_d11_mPO1_ch02,gPO,sBM,cAll,d11,mPO1,ch02,90,[ 85.  77. 122. 144. 144.  87.  80.  70. 122. 142. 144.],[93. 92. 94. 94. 89. 88. 90. 92. 94. 89. 80.],110.64,90.45,100.54545454545455,144.0,94.0,94.0,122.0,92.0,92.0
gLO_sBM_cAll_d14_mLO4_ch06,gLO,sBM,cAll,d14,mLO4,ch06,120,[107. 114.  70.  70.  92.  94.  82.  70. 136.],[ 70.  78. 101.  91.  87. 117. 113.  96.  84.],92.78,93.0,92.88888888888889,70.0,70.0,70.0,92.0,91.0,91.5
gPO_sBM_cAll_d11_mPO1_ch09,gPO,sBM,cAll,d11,mPO1,ch09,90,[90. 84. 80. 91. 83. 70. 79. 80. 86. 83. 75.],[105. 119. 113.  94.  96. 121.  80. 144.  84.  87.  89.],81.91,102.91,92.4090909090909,80.0,80.0,80.0,83.0,96.0,86.5
gHO_sBM_cAll_d19_mHO3_ch02,gHO,sBM,cAll,d19,mHO3,ch02,125,[129. 134. 129. 128. 124. 120. 128. 123.],[144. 136. 127. 126. 124. 128. 127. 118.],126.88,128.75,127.8125,128.0,127.0,128.0,128.0,127.0,127.5
gJB_sBM_cAll_d08_mJB1_ch08,gJB,sBM,cAll,d08,mJB1,ch08,90,[106. 116. 114. 106.  84. 124. 121.  70. 137.  86.  80.],[ 73. 100.  96.  90. 104. 115. 104.  91.  95.  83.  73.],104.0,93.09,98.54545454545455,106.0,73.0,73.0,106.0,95.0,98.0
gKR_sBM_cAll_d29_mKR4_ch06,gKR,sBM,cAll,d29,mKR4,ch06,120,[ 92.  94.  89.  70. 116.  70.  86. 139.  72.],[105. 120. 143.  90.  92.  91.  89.  91. 123.],92.0,104.89,98.44444444444444,70.0,91.0,70.0,89.0,92.0,91.5
gMH_sFM_cAll_d24_mMH2_ch21,gMH,sFM,cAll,d24,mMH2,ch21,100,"[101. 106. 105. 103. 127.  70. 113. 117.  70.  75.  89.  99. 103. 103.
 109. 122. 112. 104.  99. 100. 102.  91.  94.  70. 132. 128. 137.  73.
  86. 104. 137. 121. 116. 142.  79. 114. 119. 113. 144.]","[100. 144. 144. 144. 135.  72.  80. 121. 144. 115. 126.  75.  81.  92.
  97.  92.  88.  98. 141. 130. 144.  97.  77. 132. 135. 144. 115. 118.
 118. 110.  97.  81. 128. 124. 135. 140. 102.  97. 100.]",105.87,113.15,109.51282051282051,70.0,144.0,144.0,104.0,115.0,107.5
gWA_sBM_cAll_d26_mWA5_ch06,gWA,sBM,cAll,d26,mWA5,ch06,130,[140. 128. 128. 133. 132.  80.  98.  96.],[ 80.  79.  87. 102.  91.  72. 133. 133.],116.88,97.12,107.0,128.0,133.0,133.0,128.0,89.0,100.0
gBR_sBM_cAll_d06_mBR3_ch01,gBR,sBM,cAll,d06,mBR3,ch01,110,[ 86.  87. 126. 111. 108. 104. 144. 144. 107.],[112. 113. 111. 109. 110. 108. 109. 108.  97.],113.0,108.56,110.77777777777777,144.0,108.0,108.0,108.0,109.0,109.0
gKR_sBM_cAll_d29_mKR0_ch01,gKR,sBM,cAll,d29,mKR0,ch01,80,[ 82.  81.  70. 144. 136. 109.  99.  92. 104. 105.  98. 104. 144.],[103. 100. 109. 113. 113. 111.  96. 144. 126. 111. 104.  71.  87.],105.23,106.77,106.0,104.0,111.0,104.0,104.0,109.0,104.0
gLH_sBM_cAll_d18_mLH2_ch05,gLH,sBM,cAll,d18,mLH2,ch05,100,[ 82.  72. 106.  94. 106.  97.  99. 105. 100. 118.],[140.  94.  98. 103. 102.  95. 103. 100.  97.  98.],97.9,103.0,100.45,106.0,98.0,94.0,99.5,99.0,99.5
gJB_sBM_cAll_d07_mJB0_ch08,gJB,sBM,cAll,d07,mJB0,ch08,80,[ 90.  87.  90.  96. 144.  87. 103.  89.  85. 128. 144.  81.  75.],[ 84.  83.  82.  92.  92.  81.  75.  78.  77. 118. 102.  95.  95.],99.92,88.77,94.34615384615384,87.0,92.0,75.0,90.0,84.0,89.5
gHO_sBM_cAll_d20_mHO0_ch10,gHO,sBM,cAll,d20,mHO0,ch10,110,[ 72. 144. 132.  77.  86.  77.  92.  86. 144.],[105. 108. 114. 105. 108. 110. 109. 114. 103.],101.11,108.44,104.77777777777777,77.0,105.0,77.0,86.0,108.0,106.5
gLH_sFM_cAll_d16_mLH3_ch07,gLH,sFM,cAll,d16,mLH3,ch07,110,"[ 88.  97.  91.  80.  91. 107. 119. 109. 109. 123. 130.  71.  71.  70.
  76.  91. 110. 144. 144. 108. 117. 126. 130. 126. 121. 115. 111. 132.
 127. 119. 118. 127. 134.  70.  70.]","[100.  95.  87. 113. 112.  95.  99.  98.  87. 112. 122. 144. 101. 102.
 116. 108.  83.  76. 115. 101.  92.  99. 144. 144.  96.  94.  90.  91.
 128. 123.  81.  94. 104.  85.  74.]",107.77,103.0,105.38571428571429,70.0,144.0,144.0,111.0,99.0,105.5
gWA_sBM_cAll_d25_mWA1_ch10,gWA,sBM,cAll,d25,mWA1,ch10,90,[ 92. 108.  70.  81.  94.  89.  84.  93. 101.  90.  91.],[144. 138. 135. 144. 117. 117. 111. 110.  92.  92.  93.],90.27,117.55,103.9090909090909,70.0,92.0,92.0,91.0,117.0,93.5
gMH_sBM_cAll_d22_mMH0_ch07,gMH,sBM,cAll,d22,mMH0,ch07,80,[ 87.  93. 100. 140.  98.  85.  78.  78.  81.  80.  70. 108.  97.],[144. 144.  76.  88.  91. 141. 136. 143.  81.  81.  70.  88.  92.],91.92,105.77,98.84615384615384,78.0,81.0,81.0,87.0,91.0,89.5
gJB_sBM_cAll_d07_mJB3_ch06,gJB,sBM,cAll,d07,mJB3,ch06,110,[ 82.  82.  82.  74. 128. 130. 144. 144.  70.],[107. 100.  88.  90. 107. 103.  84. 118. 105.],104.0,100.22,102.11111111111111,82.0,107.0,82.0,82.0,103.0,101.5
gKR_sBM_cAll_d30_mKR2_ch05,gKR,sBM,cAll,d30,mKR2,ch05,100,[102.  96.  88.  94. 109. 109.  98.  92.  92.  88.],[113. 113. 105.  98. 104.  85.  71. 103. 103. 105.],96.8,100.0,98.4,88.0,103.0,88.0,95.0,103.5,100.0
gKR_sBM_cAll_d29_mKR1_ch03,gKR,sBM,cAll,d29,mKR1,ch03,90,[100. 104.  88. 118. 135.  98.  93.  93. 105. 110. 106.],[126. 131. 138. 144. 141. 134.  97. 111. 113.  95.  95.],104.55,120.45,112.5,93.0,95.0,93.0,104.0,126.0,108.0
gWA_sBM_cAll_d26_mWA1_ch06,gWA,sBM,cAll,d26,mWA1,ch06,90,[100.  95.  88.  90. 104.  70. 144. 137.  70.  78.  76.],[ 90.  74. 118. 109. 123. 122. 117. 109. 110. 127. 144.],95.64,113.0,104.31818181818181,70.0,109.0,70.0,90.0,117.0,106.5
gPO_sBM_cAll_d10_mPO0_ch03,gPO,sBM,cAll,d10,mPO0,ch03,80,[ 95.  97.  87.  79.  78.  72. 114. 100.  86.  78.  75.  70. 133.],[80. 82. 85. 82. 80. 82. 81. 79. 81. 80. 76. 73. 84.],89.54,80.38,84.96153846153847,78.0,80.0,80.0,86.0,81.0,81.0
gLH_sBM_cAll_d17_mLH4_ch08,gLH,sBM,cAll,d17,mLH4,ch08,120,[116.  70.  70. 119. 119. 123. 122. 117. 116.],[116. 117. 119. 120. 125. 128. 120. 115. 103.],108.0,118.11,113.05555555555556,70.0,120.0,116.0,117.0,119.0,118.0
gMH_sBM_cAll_d22_mMH3_ch07,gMH,sBM,cAll,d22,mMH3,ch07,110,[ 77. 129. 110. 108. 108.  98.  79. 119. 116.],[113. 115. 113. 111. 105. 114. 108. 114. 120.],104.89,112.56,108.72222222222223,108.0,113.0,108.0,108.0,113.0,112.0
gKR_sFM_cAll_d30_mKR1_ch16,gKR,sFM,cAll,d30,mKR1,ch16,90,"[ 73.  81. 118. 113. 105.  98. 144. 141. 122. 123. 114. 109. 109.  94.
  84. 144. 142.  70. 104.  92.  87.  91.  95. 112. 100.  96. 144. 113.
  99. 132. 126. 118. 130. 126. 103. 144. 132. 132.  70. 126.  83. 133.
 128.]","[ 97. 113. 113. 103.  88.  89.  93. 127. 121. 120. 144. 144. 141.  99.
 103. 131. 140. 133.  87. 116.  70.  89.  91.  85.  85. 144. 136. 122.
  92.  89.  85.  85. 123. 116. 144.  81. 103. 132. 136. 144.  95.  83.
  76.]",111.63,109.49,110.55813953488372,144.0,144.0,144.0,113.0,103.0,112.5
gHO_sBM_cAll_d21_mHO3_ch03,gHO,sBM,cAll,d21,mHO3,ch03,125,[136. 128. 122. 128.  96.  93.  94.  79.],[ 79.  91.  94.  94. 123. 124.  70.  88.],109.5,95.38,102.4375,128.0,94.0,94.0,109.0,92.5,94.0
gHO_sBM_cAll_d21_mHO3_ch08,gHO,sBM,cAll,d21,mHO3,ch08,125,[ 88.  94.  96.  77. 126. 138.  94.  96.],[130. 124. 128. 126. 127. 121. 124. 122.],101.12,125.25,113.1875,94.0,124.0,94.0,95.0,125.0,123.0
gLH_sBM_cAll_d18_mLH5_ch05,gLH,sBM,cAll,d18,mLH5,ch05,130,[129. 132. 136. 136. 130. 129. 130. 121.],[136. 134. 132. 132. 126. 111. 100. 104.],130.38,121.88,126.125,129.0,132.0,132.0,130.0,129.0,130.0
gLO_sBM_cAll_d14_mLO1_ch03,gLO,sBM,cAll,d14,mLO1,ch03,90,[119. 127. 132. 144.  70.  70.  83.  83.  97. 103.  70.],[140. 133.  89.  87.  92. 134. 142.  93.  89.  86.  90.],99.82,106.82,103.31818181818181,70.0,89.0,70.0,97.0,92.0,92.5
gWA_sBM_cAll_d26_mWA1_ch05,gWA,sBM,cAll,d26,mWA1,ch05,90,[114. 112.  70.  77. 140. 110. 124. 137. 138.  84.  90.],[144. 144. 123. 133.  92.  92.  93. 107. 116. 125. 125.],108.73,117.64,113.18181818181819,70.0,92.0,92.0,112.0,123.0,115.0
gWA_sBM_cAll_d26_mWA4_ch04,gWA,sBM,cAll,d26,mWA4,ch04,120,[ 86. 100.  70.  73.  78.  90. 104.  95. 144.],[104.  98. 144. 142.  84.  93.  94.  93. 107.],93.33,106.56,99.94444444444444,70.0,93.0,93.0,90.0,98.0,94.5
gLH_sBM_cAll_d17_mLH0_ch03,gLH,sBM,cAll,d17,mLH0,ch03,80,[ 88.  96. 144. 144.  99.  91.  79.  84.  97.  99. 100. 105. 122.],[102.  96.  98. 144.  89.  79.  88.  88.  77.  79.  83.  85.  82.],103.69,91.54,97.61538461538461,99.0,79.0,79.0,99.0,88.0,93.5
gKR_sBM_cAll_d29_mKR0_ch06,gKR,sBM,cAll,d29,mKR0,ch06,80,[132. 144. 144. 144. 127. 115. 104.  90.  82.  76. 117.  76.  90.],[144. 144. 137. 123. 114. 107. 114.  70.  78.  80.  82. 106. 106.],110.85,108.08,109.46153846153847,144.0,106.0,144.0,115.0,107.0,110.5
gJS_sBM_cAll_d03_mJS3_ch05,gJS,sBM,cAll,d03,mJS3,ch05,110,[113. 122. 139. 140. 144. 144. 112. 109. 118.],[128. 126.  87.  87.  75.  84.  88.  92.  96.],126.78,95.89,111.33333333333333,144.0,87.0,87.0,122.0,88.0,112.5
gJS_sBM_cAll_d02_mJS0_ch04,gJS,sBM,cAll,d02,mJS0,ch04,80,[133. 122. 139. 139. 124. 118.  80.  96. 109. 117. 121. 121.  74.],[144. 144.  95.  91.  85.  93. 144. 144. 144.  85.  85.  84.  86.],114.85,109.54,112.1923076923077,121.0,144.0,144.0,121.0,93.0,117.5
gLO_sBM_cAll_d13_mLO3_ch03,gLO,sBM,cAll,d13,mLO3,ch03,110,[113. 103. 103. 144. 137.  97. 103. 113. 109.],[ 99.  92.  83. 105. 114. 123.  70.  83.  84.],113.56,94.78,104.16666666666667,103.0,83.0,103.0,109.0,92.0,103.0
gJB_sBM_cAll_d08_mJB1_ch03,gJB,sBM,cAll,d08,mJB1,ch03,90,[ 74.  75.  74.  74.  74.  76.  77.  75.  75. 144. 136.],[132. 138. 143. 144.  77.  80. 144. 144. 144. 144. 144.],86.73,130.36,108.54545454545455,74.0,144.0,144.0,75.0,144.0,106.0
gMH_sBM_cAll_d22_mMH2_ch01,gMH,sBM,cAll,d22,mMH2,ch01,100,[105. 101. 101. 107. 129. 128. 103. 101. 103.  97.],[ 94. 104.  99. 140. 135. 140. 137. 100. 132. 125.],107.5,120.6,114.05,101.0,140.0,101.0,103.0,128.5,104.5
gKR_sBM_cAll_d28_mKR3_ch05,gKR,sBM,cAll,d28,mKR3,ch05,110,[134. 138. 138. 139. 137. 141. 141. 135. 144.],[144. 103. 107. 113. 118. 109. 121.  84.  89.],138.56,109.78,124.16666666666667,138.0,84.0,138.0,138.0,109.0,134.5
gHO_sBM_cAll_d20_mHO4_ch04,gHO,sBM,cAll,d20,mHO4,ch04,130,[138.  70. 130.  70.  70. 123.  73.  80.],[129. 129. 130. 130. 131. 130. 128. 127.],94.25,129.25,111.75,70.0,130.0,130.0,76.5,129.5,128.5
gLH_sFM_cAll_d18_mLH1_ch16,gLH,sFM,cAll,d18,mLH1,ch16,90,"[ 97.  82.  71.  71.  80.  80.  70. 119. 142. 143.  86.  84.  90.  94.
  83.  87.  86.  82.  86. 141. 132. 123. 138. 106. 110.  94.  90.  83.
  77.  70.  70. 144. 137. 117. 101. 100. 132. 119. 118. 122. 114.  94.
  93.]","[ 94.  88. 127.  72.  83.  86.  86.  90. 113. 144.  72.  71.  73.  70.
  74.  86.  92. 128. 127. 119.  83. 119. 136. 144.  88.  90.  82.  91.
  90. 144. 138.  90.  85.  90.  91.  86. 126. 106.  95.  88. 105. 112.
 104.]",101.35,99.49,100.4186046511628,70.0,90.0,86.0,94.0,90.0,91.5
gPO_sFM_cAll_d10_mPO1_ch02,gPO,sFM,cAll,d10,mPO1,ch02,90,"[121. 122. 129.  84. 138. 124. 123. 104. 101.  80.  79.  92.  96.  82.
  83. 113. 105.  93.  92. 106. 113. 114.  98.  99.  70.  71. 131. 129.
 144. 100. 106.  98. 136. 135. 136. 133. 143. 144. 127. 126.  82.  81.
  82.]","[118. 122. 125. 119. 118.  70.  85.  92. 115. 120.  77.  91. 101. 120.
  86.  90.  84.  94.  96.  96.  82.  72.  75.  77.  87.  86.  73.  71.
  70. 110.  94.  92.  96.  88.  75.  73. 129.  86.  86.  94. 107. 116.
 107.]",108.49,94.53,101.51162790697674,82.0,86.0,82.0,106.0,92.0,97.0
gLO_sBM_cAll_d14_mLO0_ch10,gLO,sBM,cAll,d14,mLO0,ch10,80,[137. 144. 144. 144.  82. 129. 133. 144.  77.  76.  76.  87.  89.],[104. 110. 112.  89.  84.  84. 144. 127. 127. 121. 113. 121. 133.],112.46,113.0,112.73076923076923,144.0,84.0,144.0,129.0,113.0,117.0
gPO_sFM_cAll_d10_mPO3_ch04,gPO,sFM,cAll,d10,mPO3,ch04,110,"[ 73.  77. 144. 121. 118.  83.  97. 102.  98. 110. 102.  75.  78. 144.
  93. 132. 144.  73.  72.  91. 144. 144. 120. 115. 110.  99. 104. 115.
  73.  76.  89.  85.  88.  85.  85.]","[ 82.  71. 117. 103.  87.  84. 103. 102. 103. 106.  80.  77. 120. 107.
 118. 112.  73. 144. 112. 116. 118. 123. 118. 106. 117. 127. 114. 107.
 113. 102.  92.  96. 107. 106. 102.]",101.69,104.71,103.2,144.0,102.0,144.0,98.0,106.0,103.0
gWA_sBM_cAll_d27_mWA2_ch05,gWA,sBM,cAll,d27,mWA2,ch05,100,[136. 137. 133. 142.  99.  96. 124. 125. 119. 108.],[102. 101. 102. 101.  93.  99. 103. 106. 105. 103.],121.9,101.5,111.7,96.0,101.0,99.0,124.5,102.0,104.0
gJS_sFM_cAll_d03_mJS2_ch03,gJS,sFM,cAll,d03,mJS2,ch03,100,"[ 92.  92.  98. 106.  90.  70. 120. 119. 120. 104.  97.  93.  83.  79.
  84. 138. 117. 113. 105. 103. 108.  70.  84.  90.  86.  70.  96. 121.
  76.  87.  93.  92.  91.  79. 135.  96.  70.  70.  71.]","[ 77.  80. 144. 102. 104.  96.  97.  94. 100. 144. 144. 109. 116. 127.
 125.  96. 105.  98. 138. 139. 134.  80.  92. 108. 111.  99.  86.  91.
  93.  92.  72.  76.  79. 126. 134. 138. 129. 128. 136.]",95.08,108.69,101.88461538461539,70.0,144.0,70.0,92.0,104.0,97.0
gHO_sBM_cAll_d21_mHO2_ch06,gHO,sBM,cAll,d21,mHO2,ch06,120,[100. 118. 122. 118. 122. 124. 121. 108.  97.],[124. 123. 120. 122. 125. 120. 117. 120. 134.],114.44,122.78,118.61111111111111,118.0,120.0,120.0,118.0,122.0,120.5
gHO_sBM_cAll_d19_mHO2_ch05,gHO,sBM,cAll,d19,mHO2,ch05,120,[109. 117. 123. 128. 123. 120.  70.  73. 129.],[117. 115. 116. 119. 121. 121. 122. 122. 120.],110.22,119.22,114.72222222222223,123.0,121.0,117.0,120.0,120.0,120.0
gJB_sBM_cAll_d07_mJB3_ch07,gJB,sBM,cAll,d07,mJB3,ch07,110,[111. 100.  86.  88.  88.  88. 105. 119. 133.],[120. 117. 121.  87. 101.  97. 131. 129. 140.],102.0,115.89,108.94444444444444,88.0,87.0,88.0,100.0,120.0,108.0
gWA_sBM_cAll_d25_mWA2_ch03,gWA,sBM,cAll,d25,mWA2,ch03,100,[ 76.  70.  70.  70.  74. 134. 132.  73. 103. 119.],[131. 119. 102.  74.  70.  73.  72. 106. 103. 102.],92.1,95.2,93.65,70.0,102.0,70.0,75.0,102.0,89.0
gHO_sBM_cAll_d21_mHO4_ch05,gHO,sBM,cAll,d21,mHO4,ch05,130,[126. 127. 129. 130. 131. 132. 130. 126.],[105. 118. 128. 131. 132. 128. 128. 126.],128.88,124.5,126.6875,126.0,128.0,126.0,129.5,128.0,128.0
gKR_sBM_cAll_d29_mKR5_ch07,gKR,sBM,cAll,d29,mKR5,ch07,130,[122. 122. 126. 138.  70. 114. 100. 144.],[136. 135. 135. 134. 131.  71.  79.  77.],117.0,112.25,114.625,122.0,135.0,122.0,122.0,132.5,124.0
gJS_sBM_cAll_d03_mJS3_ch04,gJS,sBM,cAll,d03,mJS3,ch04,110,[ 88.  82. 129. 116. 117.  82.  79.  88.  94.],[ 82.  86. 117. 129. 128.  70.  70.  70.  72.],97.22,91.56,94.38888888888889,82.0,70.0,70.0,88.0,82.0,87.0
gLO_sBM_cAll_d15_mLO5_ch08,gLO,sBM,cAll,d15,mLO5,ch08,130,[104. 100.  99.  96.  94.  97. 101.  98.],[112. 132. 132.  96. 124. 132. 121. 115.],98.62,120.5,109.5625,94.0,132.0,132.0,98.5,122.5,102.5
gJS_sBM_cAll_d01_mJS2_ch06,gJS,sBM,cAll,d01,mJS2,ch06,100,[120. 128.  70. 124.  92. 115. 113. 106. 109. 106.],[122. 115. 107.  94.  92. 113. 126. 144.  75. 144.],108.3,113.2,110.75,106.0,144.0,92.0,111.0,114.0,113.0
gHO_sBM_cAll_d21_mHO5_ch03,gHO,sBM,cAll,d21,mHO5,ch03,135,[144. 138. 100. 135. 103. 102.  97.  82.],[101. 104. 100. 100.  99. 102.  99.  99.],112.62,100.5,106.5625,82.0,99.0,99.0,102.5,100.0,100.5
gJS_sBM_cAll_d01_mJS1_ch03,gJS,sBM,cAll,d01,mJS1,ch03,90,[ 72.  70.  72.  70. 119. 125. 122. 124.  88.  87.  88.],[113. 117. 120. 112. 108. 109. 103. 111.  76.  94. 105.],94.27,106.18,100.22727272727273,70.0,76.0,70.0,88.0,109.0,106.5
gWA_sBM_cAll_d27_mWA4_ch03,gWA,sBM,cAll,d27,mWA4,ch03,120,[141.  70. 108.  82.  83.  84.  82.  82.  80.],[104.  93.  85. 125. 105.  99.  95. 144. 144.],90.22,110.44,100.33333333333333,82.0,144.0,82.0,82.0,104.0,94.0
gLO_sBM_cAll_d14_mLO1_ch07,gLO,sBM,cAll,d14,mLO1,ch07,90,[144. 106. 103. 140. 131. 129. 139. 137. 125. 125. 140.],[106. 108. 120. 114. 107. 118. 108. 144. 144. 141. 130.],129.0,121.82,125.4090909090909,125.0,108.0,144.0,131.0,118.0,127.0
gWA_sBM_cAll_d27_mWA3_ch01,gWA,sBM,cAll,d27,mWA3,ch01,110,[144. 144. 102.  99. 124.  89. 103. 104. 144.],[131.  93.  85.  86. 138. 142. 133. 122. 127.],117.0,117.44,117.22222222222223,144.0,85.0,144.0,104.0,127.0,123.0
gJS_sFM_cAll_d02_mJS4_ch09,gJS,sFM,cAll,d02,mJS4,ch09,120,"[116. 125. 121. 107. 116.  75.  74.  70.  72. 114. 121.  85. 107. 113.
 120. 114. 111. 128. 123. 132. 144.  98.  98.  92.  90.  99. 139.  94.
 144. 144. 123. 139.]","[123. 119. 105.  99.  70. 114.  94.  95. 124. 122. 108. 106.  70.  70.
 144. 144. 132. 131.  97. 121.  77.  76.  87.  97. 143.  81.  93. 143.
  72.  81.  85.  81.]",110.88,103.25,107.0625,144.0,70.0,144.0,114.0,98.0,107.5
gHO_sBM_cAll_d21_mHO4_ch09,gHO,sBM,cAll,d21,mHO4,ch09,130,[131. 129. 130. 133. 130. 131. 125. 120.],[131. 130. 131. 130. 131. 133. 131. 128.],128.62,130.62,129.625,130.0,131.0,131.0,130.0,131.0,130.5
gLH_sBM_cAll_d16_mLH3_ch02,gLH,sBM,cAll,d16,mLH3,ch02,110,[117. 112. 113. 126. 130. 140. 144. 111. 122.],[ 71. 113. 108. 111. 111. 104. 117. 110. 109.],123.89,106.0,114.94444444444444,111.0,111.0,111.0,122.0,110.0,112.5
gLH_sBM_cAll_d18_mLH5_ch10,gLH,sBM,cAll,d18,mLH5,ch10,130,[112. 116.  70.  70. 122.  70.  73.  73.],[144. 131. 127. 132. 125. 134. 142. 129.],88.25,133.0,110.625,70.0,125.0,70.0,73.0,131.5,123.5
gHO_sBM_cAll_d19_mHO1_ch07,gHO,sBM,cAll,d19,mHO1,ch07,115,[129. 123. 114. 110. 111. 116. 115. 114. 114.],[114. 113. 113. 113. 114. 117. 116. 112. 115.],116.22,114.11,115.16666666666667,114.0,113.0,114.0,114.0,114.0,114.0
gLO_sBM_cAll_d15_mLO4_ch07,gLO,sBM,cAll,d15,mLO4,ch07,120,[124. 126. 120. 117. 122. 122. 118.  98.  87.],[ 94. 113. 120. 111. 130. 125. 117. 144. 144.],114.89,122.0,118.44444444444444,122.0,144.0,117.0,120.0,120.0,120.0
gWA_sFM_cAll_d27_mWA2_ch17,gWA,sFM,cAll,d27,mWA2,ch17,100,"[106.  86.  81.  78.  78.  75.  70.  74.  81.  80. 144. 100. 111. 122.
  93.  82. 133. 128. 115. 119.  88.  89.  96. 111. 144.  70.  70. 133.
 133. 119. 109. 103. 102. 125. 131.  70.  76. 144. 138.]","[109. 105. 109. 125. 144. 109. 112. 103.  81.  79.  86. 115. 101.  98.
 119.  83.  86.  97. 107. 103. 144. 144. 139. 130. 114. 136. 143. 144.
  77.  76. 138. 131. 140.  77.  70. 116. 101.  93. 144.]",102.74,110.97,106.85897435897436,70.0,144.0,144.0,102.0,109.0,106.5
gWA_sBM_cAll_d27_mWA5_ch02,gWA,sBM,cAll,d27,mWA5,ch02,130,[ 91. 100.  94. 144. 144. 144. 144.  97.],[136. 144.  94. 144. 125. 128. 124. 127.],119.75,127.75,123.75,144.0,144.0,144.0,122.0,127.5,127.5
gMH_sBM_cAll_d22_mMH1_ch01,gMH,sBM,cAll,d22,mMH1,ch01,90,[ 98.  91.  86.  86. 141. 141. 130.  98.  87.  93.  98.],[128. 124. 120. 128.  87.  89.  90.  70.  80.  81.  80.],104.45,97.91,101.18181818181819,98.0,80.0,98.0,98.0,89.0,92.0
gPO_sFM_cAll_d12_mPO1_ch16,gPO,sFM,cAll,d12,mPO1,ch16,90,"[124. 121.  86.  78. 126.  84.  95.  94.  93. 111.  76.  91.  93.  97.
  96.  89.  85.  90. 100.  90. 144. 133. 131. 144. 144. 113.  88. 136.
  92.  90.  97.  96.  80. 142. 142. 142. 144. 144. 134. 122. 112. 121.
  83.]","[108.  95. 142. 137. 128. 117.  91.  92.  84. 117.  89.  84.  92. 101.
 142. 144.  94.  95.  93.  75. 107. 101. 144. 142.  89.  85. 133. 138.
 144. 144.  84.  96.  91.  95.  94.  86.  90.  94.  86.  86. 131. 115.
 117.]",109.14,107.26,108.19767441860465,144.0,144.0,144.0,97.0,95.0,96.5
gKR_sBM_cAll_d28_mKR1_ch03,gKR,sBM,cAll,d28,mKR1,ch03,90,[112. 109.  84.  97.  72.  70.  70.  78.  94.  98.  86.],[ 85.  91.  97.  89.  87.  91.  87.  87.  90.  98. 116.],88.18,92.55,90.36363636363636,70.0,87.0,87.0,86.0,90.0,89.5
gHO_sBM_cAll_d21_mHO5_ch06,gHO,sBM,cAll,d21,mHO5,ch06,135,[96. 84. 75. 91. 91. 79. 81. 99.],[138. 134. 132. 135. 138. 135. 133. 134.],87.0,134.88,110.9375,91.0,134.0,91.0,87.5,134.5,115.5
gLH_sBM_cAll_d16_mLH3_ch05,gLH,sBM,cAll,d16,mLH3,ch05,110,[123. 117. 105.  98.  85.  72. 112. 110. 111.],[101. 108. 113. 112. 111. 110. 111. 109. 103.],103.67,108.67,106.16666666666667,72.0,111.0,111.0,110.0,110.0,110.0
gWA_sBM_cAll_d25_mWA2_ch08,gWA,sBM,cAll,d25,mWA2,ch08,100,[131. 133. 142. 144. 124. 144.  82. 142. 130. 121.],[103. 100. 101. 108. 133.  94.  99. 105. 114. 115.],129.3,107.2,118.25,142.0,94.0,133.0,132.0,104.0,118.0
gMH_sFM_cAll_d23_mMH4_ch12,gMH,sFM,cAll,d23,mMH4,ch12,120,"[ 86. 106. 110. 116. 119. 133. 144.  89. 138. 135. 120. 102. 100. 114.
 128. 122. 113. 106.  89.  82. 100. 112. 139. 144. 106. 105. 125. 141.
  75.  79.  91.  84.]","[ 88. 103. 116. 118. 119. 124. 123. 121. 132. 119. 110. 119. 105. 111.
 124. 136. 137. 126.  74.  70. 104. 134. 131.  80.  91. 104. 100. 103.
  96. 144.  74.  83.]",111.03,109.97,110.5,106.0,119.0,119.0,111.0,113.5,111.5
gBR_sBM_cAll_d04_mBR3_ch02,gBR,sBM,cAll,d04,mBR3,ch02,110,[115. 113. 108. 112. 106. 108. 112. 120. 135.],[144. 144.  76. 143. 135. 116.  86.  86.  96.],114.33,114.0,114.16666666666667,108.0,86.0,86.0,112.0,116.0,112.5
gJS_sBM_cAll_d03_mJS5_ch05,gJS,sBM,cAll,d03,mJS5,ch05,130,[144. 126. 119. 104. 100.  98. 107. 109.],[116. 125. 130. 120. 123. 132. 139. 139.],113.38,128.0,120.6875,98.0,139.0,139.0,108.0,127.5,121.5
gJB_sBM_cAll_d08_mJB5_ch02,gJB,sBM,cAll,d08,mJB5,ch02,130,[136.  70.  72.  77.  74. 132. 131. 131.],[136.  70. 116. 128. 133. 129.  71.  81.],102.88,108.0,105.4375,131.0,70.0,70.0,104.0,122.0,122.0
gJB_sBM_cAll_d09_mJB2_ch08,gJB,sBM,cAll,d09,mJB2,ch08,100,[ 73. 113. 102.  88.  79.  82.  87. 103. 144. 144.],[134. 137. 139. 134.  78.  85.  98. 104. 105. 113.],101.5,112.7,107.1,144.0,134.0,113.0,95.0,109.0,103.5
gMH_sBM_cAll_d24_mMH5_ch03,gMH,sBM,cAll,d24,mMH5,ch03,130,[ 90. 100. 106.  91.  91. 131. 132. 129.],[133. 133. 131. 127. 128. 131. 131. 129.],108.75,130.38,119.5625,91.0,131.0,131.0,103.0,131.0,129.0
gLO_sBM_cAll_d13_mLO3_ch07,gLO,sBM,cAll,d13,mLO3,ch07,110,[144. 107. 103. 111. 108. 110. 104. 108. 109.],[133. 117. 106. 144. 115. 110. 116. 128. 144.],111.56,123.67,117.61111111111111,108.0,144.0,144.0,108.0,117.0,110.5
gWA_sBM_cAll_d26_mWA5_ch09,gWA,sBM,cAll,d26,mWA5,ch09,130,[125. 120. 108. 144. 138. 144.  87.  81.],[138.  70. 134. 101. 130. 134. 144. 138.],118.38,123.62,121.0,144.0,134.0,138.0,122.5,134.0,132.0
gHO_sBM_cAll_d21_mHO4_ch07,gHO,sBM,cAll,d21,mHO4,ch07,130,[118. 119. 125. 126. 131. 133.  70.  71.],[124. 125. 128. 129. 131. 132. 131. 129.],111.62,128.62,120.125,70.0,129.0,131.0,122.0,129.0,127.0
gLO_sBM_cAll_d13_mLO1_ch06,gLO,sBM,cAll,d13,mLO1,ch06,90,[ 91.  91. 144.  89.  94. 144.  83.  94. 144.  91. 104.],[116. 122.  70.  70.  70.  71.  70.  70.  74. 131. 124.],106.27,89.82,98.04545454545455,91.0,70.0,70.0,94.0,71.0,91.0
gMH_sBM_cAll_d22_mMH3_ch10,gMH,sBM,cAll,d22,mMH3,ch10,110,[118. 114. 109. 108. 110. 112. 110. 115. 121.],[110. 111. 110. 108. 109. 109. 110. 111. 111.],113.0,109.89,111.44444444444444,110.0,110.0,110.0,112.0,110.0,110.0
gMH_sBM_cAll_d22_mMH3_ch05,gMH,sBM,cAll,d22,mMH3,ch05,110,[106. 111. 112. 101. 144. 115. 116. 113. 128.],[107. 110. 110. 109. 110. 110. 111. 109. 108.],116.22,109.33,112.77777777777777,101.0,110.0,110.0,113.0,110.0,110.0
gLH_sFM_cAll_d16_mLH3_ch04,gLH,sFM,cAll,d16,mLH3,ch04,110,"[117. 116. 121. 117. 108.  86. 110. 134. 122. 118.  76.  97.  86. 128.
 132. 103. 123. 130. 128.  99. 115. 133. 129. 137. 144.  84. 102. 109.
  71.  75.  78. 141. 134.  91.  93.]","[100. 111. 112. 103.  70. 144. 144. 102. 102. 106. 112. 128. 111. 100.
 108. 113. 111. 107. 108. 101.  84.  82.  86.  76. 130. 122. 115. 111.
 117. 113.  98. 107. 107.  97.  89.]",111.06,106.49,108.77142857142857,86.0,111.0,111.0,116.0,107.0,109.5
gJB_sBM_cAll_d08_mJB0_ch02,gJB,sBM,cAll,d08,mJB0,ch02,80,[ 84.  84.  86.  89.  90.  86.  83.  83.  88.  90. 132. 129. 129.],[ 86.  81. 122. 126. 124. 120. 133. 143. 139. 125. 116.  70. 141.],96.38,117.38,106.88461538461539,83.0,70.0,86.0,88.0,124.0,103.0
gKR_sBM_cAll_d30_mKR5_ch07,gKR,sBM,cAll,d30,mKR5,ch07,130,[118. 103.  87.  86.  87. 144. 130.  91.],[144. 144.  70.  70. 124. 128.  70.  75.],105.75,103.12,104.4375,87.0,70.0,70.0,97.0,99.5,97.0
gLO_sBM_cAll_d13_mLO1_ch09,gLO,sBM,cAll,d13,mLO1,ch09,90,[ 72.  71.  70. 123. 107.  72.  70.  72.  70.  70.  84.],[ 94. 104. 116.  86. 102.  86.  90. 110. 117. 101.  99.],80.09,100.45,90.27272727272727,70.0,86.0,70.0,72.0,101.0,88.0
gBR_sBM_cAll_d05_mBR5_ch02,gBR,sBM,cAll,d05,mBR5,ch02,130,[81. 91. 92. 99. 70. 97. 70. 77.],[101.  95.  97.  99.  94.  99. 121. 126.],84.62,104.0,94.3125,70.0,99.0,99.0,86.0,99.0,96.0
gKR_sBM_cAll_d28_mKR1_ch01,gKR,sBM,cAll,d28,mKR1,ch01,90,[ 75.  75. 136. 134. 133.  72. 127. 137.  74. 133. 124.],[120. 139.  93.  92.  87.  86.  90.  91.  94.  88.  77.],110.91,96.09,103.5,75.0,77.0,75.0,127.0,91.0,92.5
gJS_sBM_cAll_d01_mJS0_ch03,gJS,sBM,cAll,d01,mJS0,ch03,80,[ 95.  79. 142. 144.  95. 144. 144. 144. 129. 105. 111. 113. 107.],[ 72. 144.  96. 106. 100.  96.  96. 119. 112. 125.  90. 105. 112.],119.38,105.62,112.5,144.0,96.0,144.0,113.0,105.0,109.0
gJS_sFM_cAll_d01_mJS5_ch06,gJS,sFM,cAll,d01,mJS5,ch06,130,"[144.  99.  93.  77. 126.  70. 107.  96.  86. 131. 114.  89.  78. 127.
 138. 129.  87.  88. 144.  75.  75.  70.  75.  78.  71. 132. 120. 119.
 123.  79.]","[ 87.  96. 103. 103. 144.  70.  70.  70. 109. 144.  86. 108. 112.  96.
 105. 123. 132. 139.  83.  71.  70.  79.  81.  83. 132. 133.  94.  88.
  82. 108.]",101.33,100.03,100.68333333333334,75.0,70.0,70.0,94.5,96.0,96.0
gKR_sBM_cAll_d29_mKR4_ch03,gKR,sBM,cAll,d29,mKR4,ch03,120,[ 84.  91.  93.  94. 107. 144. 144.  70. 129.],[ 84.  74. 127. 130.  91.  96.  90. 109. 115.],106.22,101.78,104.0,144.0,74.0,84.0,94.0,96.0,95.0
gMH_sBM_cAll_d22_mMH2_ch08,gMH,sBM,cAll,d22,mMH2,ch08,100,[ 89.  99. 101.  99.  99.  99. 102. 102. 144. 144.],[ 95. 101. 101. 105. 133. 136. 111. 101.  97.  96.],107.8,107.6,107.7,99.0,101.0,99.0,100.0,101.0,101.0
gMH_sBM_cAll_d23_mMH4_ch10,gMH,sBM,cAll,d23,mMH4,ch10,120,[103. 109. 119. 121. 123. 117. 117. 113. 108.],[118. 116. 116. 124. 116. 115. 117. 115. 116.],114.44,117.0,115.72222222222223,117.0,116.0,116.0,117.0,116.0,116.0
gJB_sBM_cAll_d08_mJB0_ch05,gJB,sBM,cAll,d08,mJB0,ch05,80,[141.  71.  72. 100. 112.  70.  70. 129. 124. 111. 144. 140. 144.],[114. 122.  70.  75.  92. 120. 101. 139. 142. 144.  97.  92.  76.],109.85,106.46,108.15384615384616,70.0,92.0,70.0,112.0,101.0,111.5
gLO_sBM_cAll_d15_mLO2_ch08,gLO,sBM,cAll,d15,mLO2,ch08,100,[86. 70. 74. 87. 75. 74. 79. 71. 77. 81.],[100. 108. 100.  95. 106.  95. 100. 105.  91.  95.],77.4,99.5,88.45,74.0,95.0,95.0,76.0,100.0,89.0
gBR_sBM_cAll_d06_mBR5_ch06,gBR,sBM,cAll,d06,mBR5,ch06,130,[ 74.  75.  74.  70.  70. 114. 119. 118.],[126. 112. 109. 135. 100. 130. 103. 106.],89.25,115.12,102.1875,70.0,100.0,70.0,74.5,110.5,107.5
gHO_sBM_cAll_d19_mHO3_ch07,gHO,sBM,cAll,d19,mHO3,ch07,125,[ 73.  70. 132. 127. 123. 122. 122. 122.],[133. 132. 132. 124. 118. 125. 123. 120.],111.38,125.88,118.625,122.0,132.0,122.0,122.0,124.5,123.0
gJS_sBM_cAll_d03_mJS2_ch09,gJS,sBM,cAll,d03,mJS2,ch09,100,[ 71.  77.  74.  74.  92. 115. 121. 115. 102. 144.],[ 77.  70.  71.  99.  70.  70. 111. 115. 144. 143.],98.5,97.0,97.75,74.0,70.0,70.0,97.0,88.0,95.5
gHO_sFM_cAll_d20_mHO4_ch12,gHO,sFM,cAll,d20,mHO4,ch12,130,"[130. 122. 105. 111. 124. 144.  79. 114. 107. 144.  76.  95. 140. 139.
 119. 125. 127.  76.  84.  93. 102. 116. 113. 110.  87.  84. 127. 108.
 101. 128.]","[ 77. 144. 132. 140. 138.  98. 140. 144. 144. 108.  70.  80. 144. 144.
  90.  70. 134. 135. 130. 133. 129. 124. 139. 109. 115. 116.  75. 108.
 124. 131.]",111.0,118.83,114.91666666666667,76.0,144.0,144.0,112.0,129.5,117.5
gJB_sBM_cAll_d07_mJB2_ch03,gJB,sBM,cAll,d07,mJB2,ch03,100,[80. 80. 80. 81. 81. 83. 85. 84. 85. 88.],[82. 82. 79. 81. 81. 81. 84. 84. 79. 70.],82.7,80.3,81.5,80.0,81.0,81.0,82.0,81.0,81.0
gLH_sFM_cAll_d18_mLH5_ch20,gLH,sFM,cAll,d18,mLH5,ch20,130,"[ 95.  99. 101.  90. 134. 134.  85.  71.  72. 144. 124. 106.  99. 112.
 115. 127. 136.  84. 102. 104.  89.  91.  96.  93.  95. 105.  96.  80.
  80.  96.]","[120. 128.  90.  93. 109. 118. 113. 103. 103.  70.  84. 119. 132. 136.
  70.  83.  88.  81. 144. 106. 121. 116. 107. 144. 144. 130. 141. 144.
  87.  83.]",101.83,110.23,106.03333333333333,96.0,144.0,144.0,97.5,111.0,103.0
gBR_sBM_cAll_d05_mBR4_ch05,gBR,sBM,cAll,d05,mBR4,ch05,120,[ 87. 102. 114. 119. 122. 121. 115.  79.  74.],[121. 127. 130. 119. 119. 119. 118. 115. 102.],103.67,118.89,111.27777777777777,74.0,119.0,119.0,114.0,119.0,118.5
gJB_sBM_cAll_d08_mJB4_ch03,gJB,sBM,cAll,d08,mJB4,ch03,120,[133. 133. 131. 122. 117. 123.  71.  79.  84.],[136. 136. 125. 117. 122. 128. 126. 102.  85.],110.33,119.67,115.0,133.0,136.0,117.0,122.0,125.0,122.5
gMH_sBM_cAll_d22_mMH0_ch10,gMH,sBM,cAll,d22,mMH0,ch10,80,[ 70.  80.  90.  78.  84.  82. 114.  87.  81. 124.  84.  95.  99.],[ 85.  83.  85.  79.  79.  82.  81.  80.  78.  82.  82.  76. 132.],89.85,84.92,87.38461538461539,84.0,82.0,82.0,84.0,82.0,82.0
gJB_sFM_cAll_d07_mJB3_ch04,gJB,sFM,cAll,d07,mJB3,ch04,110,"[135. 127. 119. 117. 110.  70.  70. 113.  70. 139. 124. 120. 110. 105.
 105.  85.  80.  97. 107. 112.  86. 144. 144. 112. 122. 121. 112. 124.
 121. 101. 138. 135. 131. 121. 120.]","[107. 108.  70.  70. 137. 140. 144. 144. 144. 110. 107. 103. 101. 104.
 101. 100. 144. 103. 103. 103.  95.  79.  70. 120. 131.  74.  78.  77.
 125. 136. 141. 135.  96. 104. 108.]",112.77,108.91,110.84285714285714,70.0,103.0,70.0,117.0,104.0,110.0
gMH_sBM_cAll_d23_mMH1_ch03,gMH,sBM,cAll,d23,mMH1,ch03,90,[120. 144. 144. 144. 135.  88. 144. 144.  98.  89.  84.],[92. 93. 90. 88. 89. 91. 92. 91. 87. 83. 80.],121.27,88.73,105.0,144.0,91.0,144.0,135.0,90.0,91.5
gMH_sBM_cAll_d22_mMH3_ch06,gMH,sBM,cAll,d22,mMH3,ch06,110,[ 80.  79.  74.  70.  80.  88. 135. 129. 128.],[107. 109. 110. 109. 111. 113. 111. 109. 103.],95.89,109.11,102.5,80.0,109.0,109.0,80.0,109.0,109.0
gLH_sFM_cAll_d17_mLH0_ch14,gLH,sFM,cAll,d17,mLH0,ch14,80,"[104.  70.  76.  74.  87.  96. 144. 133. 122.  79.  80.  77.  74.  70.
 114.  70.  76.  90. 111.  70.  80.  89.  97.  95. 132. 131. 132. 119.
 126. 144.  74.  70.  70.  87.  90.  88. 109. 117. 127. 124. 112. 113.
 115. 142.  70.  70.  99. 144.]","[116. 120. 130. 141. 135. 138.  85.  81.  73. 144. 125. 113. 109.  76.
  80.  91.  88.  90. 105. 110.  84.  94. 128. 134. 129.  70. 134. 116.
 112. 127. 144.  73. 105. 113. 110. 108. 110. 144.  70. 113. 117. 112.
  99. 144. 125.  95.  93.  99.]",99.65,109.42,104.53125,70.0,144.0,70.0,95.5,111.0,108.5
gWA_sFM_cAll_d26_mWA5_ch13,gWA,sFM,cAll,d26,mWA5,ch13,130,"[131. 131. 131. 134. 133. 141.  83.  89.  98.  70.  70. 123. 127. 124.
 127. 132.  94. 139. 134.  72.  74.  79.  98. 140.  77.  85. 144. 127.
 129. 130.]","[132. 134. 132. 128. 130. 131. 141. 144. 132. 129. 135. 134. 130. 131.
 130. 119. 125. 121. 103. 139. 134. 131. 136. 129. 129. 112. 116. 120.
 112. 114.]",112.2,127.77,119.98333333333333,127.0,129.0,131.0,127.0,130.0,129.0
gJB_sBM_cAll_d07_mJB2_ch02,gJB,sBM,cAll,d07,mJB2,ch02,100,[136.  70. 134.  88.  94.  98. 108.  73.  71.  78.],[121. 122. 127.  70.  74.  75.  73.  72.  70. 133.],95.0,93.7,94.35,70.0,70.0,70.0,91.0,74.5,83.0
gPO_sBM_cAll_d12_mPO3_ch04,gPO,sBM,cAll,d12,mPO3,ch04,110,[144. 144. 110.  97.  89. 126. 130. 110. 144.],[ 75. 144. 144. 133. 122. 110. 107. 111. 119.],121.56,118.33,119.94444444444444,144.0,144.0,144.0,126.0,119.0,120.5
gLH_sBM_cAll_d16_mLH2_ch10,gLH,sBM,cAll,d16,mLH2,ch10,100,[141. 135.  87.  99. 104. 100. 100.  99. 102. 101.],[ 99. 103. 100.  98. 100. 100.  99.  99.  98.  98.],106.8,99.4,103.1,99.0,98.0,99.0,100.5,99.0,100.0
gPO_sFM_cAll_d10_mPO3_ch07,gPO,sFM,cAll,d10,mPO3,ch07,110,"[136. 112. 105. 109. 114. 108. 111.  99.  91.  82.  70.  70.  70. 130.
 143.  80.  84.  70. 119. 112. 108. 113. 141. 144. 144. 136. 139.  77.
  89.  96.  87.  88.  95.  93. 143.]","[144. 134. 127. 129. 129. 133.  72. 123. 112. 104. 108. 114.  98.  93.
 109. 117. 144.  95. 111. 113. 113. 110. 105. 108. 104. 102. 115. 109.
 104. 108. 112. 114. 120. 104.  99.]",105.94,112.46,109.2,70.0,104.0,108.0,108.0,111.0,109.0
gJB_sBM_cAll_d07_mJB0_ch01,gJB,sBM,cAll,d07,mJB0,ch01,80,[88. 89. 89. 85. 85. 83. 83. 81. 77. 79. 84. 88. 93.],[133. 133. 136.  87. 107. 129.  95. 144. 144. 144.  70. 100.  94.],84.92,116.62,100.76923076923077,83.0,144.0,144.0,85.0,129.0,89.0
gBR_sBM_cAll_d06_mBR2_ch03,gBR,sBM,cAll,d06,mBR2,ch03,100,[107. 100. 100. 103.  98. 101. 101.  98. 103. 104.],[106. 102. 100. 102. 100. 100. 101. 100.  97.  95.],101.5,100.3,100.9,98.0,100.0,100.0,101.0,100.0,100.5
gMH_sFM_cAll_d23_mMH3_ch11,gMH,sFM,cAll,d23,mMH3,ch11,110,"[ 91. 103. 112. 107.  99.  78.  73.  99. 109. 123. 112.  94.  92. 109.
  71. 127. 117.  94.  96.  88. 112. 107. 109.  70.  74. 140.  94.  96.
 107. 110. 108. 139.  72.  71. 128.]","[130. 110. 110. 113. 111. 111. 111. 111. 110. 108. 109. 111.  83.  90.
  99.  98. 103. 112. 104.  73. 117. 126. 132. 139. 104. 109. 107. 106.
 110. 113. 122.  98. 108. 125.  83.]",100.89,108.74,104.81428571428572,94.0,111.0,109.0,103.0,110.0,108.0
gKR_sBM_cAll_d30_mKR3_ch05,gKR,sBM,cAll,d30,mKR3,ch05,110,[ 83.  85.  81.  77.  75. 112. 109.  70.  75.],[ 70.  79.  88.  94. 140. 128. 129.  89.  96.],85.22,101.44,93.33333333333333,75.0,70.0,70.0,81.0,94.0,86.5
gJS_sBM_cAll_d02_mJS5_ch02,gJS,sBM,cAll,d02,mJS5,ch02,130,[111. 113. 122.  70. 106.  97.  70. 125.],[ 94. 103. 104.  70.  70. 120. 115. 122.],101.75,99.75,100.75,70.0,70.0,70.0,108.5,103.5,105.0
gLO_sBM_cAll_d13_mLO3_ch08,gLO,sBM,cAll,d13,mLO3,ch08,110,[120. 117. 104. 106. 113. 113. 109.  95.  85.],[144. 110. 114. 109. 112. 109. 109. 127.  97.],106.89,114.56,110.72222222222223,113.0,109.0,109.0,109.0,110.0,109.5
gBR_sBM_cAll_d05_mBR1_ch04,gBR,sBM,cAll,d05,mBR1,ch04,90,[143. 129. 113. 110. 135.  82.  92.  92.  85.  99. 109.],[ 99. 102.  92.  84.  91.  90.  89.  92.  90.  88.  93.],108.09,91.82,99.95454545454545,92.0,90.0,92.0,109.0,91.0,92.0
gLH_sBM_cAll_d18_mLH3_ch01,gLH,sBM,cAll,d18,mLH3,ch01,110,[118. 116. 116. 113. 105.  94.  81. 117. 113.],[ 76.  72. 114.  81. 115. 108. 108. 100. 109.],108.11,98.11,103.11111111111111,113.0,108.0,81.0,113.0,108.0,108.5
gLH_sBM_cAll_d17_mLH4_ch04,gLH,sBM,cAll,d17,mLH4,ch04,120,[144. 137. 132. 125. 122. 144.  85. 100. 103.],[120. 115. 128. 144.  94.  91. 102.  70. 141.],121.33,111.67,116.5,144.0,70.0,144.0,125.0,115.0,121.0
gHO_sBM_cAll_d20_mHO1_ch09,gHO,sBM,cAll,d20,mHO1,ch09,115,[114. 114. 115. 116. 115. 115. 113. 111. 111.],[116. 115. 116. 115. 116. 116. 113. 112. 113.],113.78,114.67,114.22222222222223,115.0,116.0,115.0,114.0,115.0,115.0
gPO_sBM_cAll_d10_mPO2_ch10,gPO,sBM,cAll,d10,mPO2,ch10,100,[113. 112. 122.  84.  73.  70. 116.  70.  80.  71.],[ 94. 101. 111.  72. 100. 128.  91.  91.  78.  77.],91.1,94.3,92.7,70.0,91.0,70.0,82.0,92.5,91.0
gJS_sBM_cAll_d03_mJS4_ch10,gJS,sBM,cAll,d03,mJS4,ch10,120,[ 83.  85.  96. 113. 108. 101. 103. 108. 105.],[ 96. 141. 138. 135.  73.  93. 133. 114. 106.],100.22,114.33,107.27777777777777,108.0,73.0,96.0,103.0,114.0,105.5
gLO_sBM_cAll_d13_mLO3_ch04,gLO,sBM,cAll,d13,mLO3,ch04,110,[124. 110.  99.  76.  71. 130. 133. 144.  72.],[144. 144. 128. 130. 140.  92.  84.  79.  94.],106.56,115.0,110.77777777777777,71.0,144.0,144.0,110.0,128.0,117.0
gBR_sBM_cAll_d04_mBR1_ch04,gBR,sBM,cAll,d04,mBR1,ch04,90,[ 97.  88.  84.  99. 116. 115. 104.  92.  89.  92.  92.],[103.  93.  90.  93.  90.  90.  94.  92.  89.  86.  70.],97.09,90.0,93.54545454545455,92.0,90.0,92.0,92.0,90.0,92.0
gJB_sBM_cAll_d09_mJB3_ch03,gJB,sBM,cAll,d09,mJB3,ch03,110,[136. 126. 115. 113. 110. 113. 117. 109. 103.],[101. 111. 114. 112. 117. 113. 110. 144.  88.],115.78,112.22,114.0,113.0,88.0,113.0,113.0,112.0,113.0
gWA_sBM_cAll_d27_mWA3_ch06,gWA,sBM,cAll,d27,mWA3,ch06,110,[117. 119. 125. 134.  90.  76.  70.  83.  86.],[132.  75.  79.  80. 113. 115. 144. 107. 107.],100.0,105.78,102.88888888888889,70.0,107.0,107.0,90.0,107.0,107.0
gWA_sBM_cAll_d25_mWA3_ch08,gWA,sBM,cAll,d25,mWA3,ch08,110,[144. 130.  81.  79.  85.  87. 144. 140. 118.],[115. 115. 107. 113. 117. 107. 105. 116. 142.],112.0,115.22,113.61111111111111,144.0,107.0,107.0,118.0,115.0,115.0
gLH_sBM_cAll_d18_mLH2_ch06,gLH,sBM,cAll,d18,mLH2,ch06,100,[101. 101. 102. 106. 102.  92. 131.  73.  89. 128.],[112. 111.  99. 105. 100.  97. 102.  96.  94. 102.],102.5,101.8,102.15,101.0,102.0,102.0,101.5,101.0,101.5
gJB_sFM_cAll_d08_mJB3_ch11,gJB,sFM,cAll,d08,mJB3,ch11,110,"[126.  70.  70. 114. 114.  70.  76.  79.  99.  92.  92.  92.  94. 108.
 122. 126.  72.  72. 144. 134. 123. 108. 105. 101. 112. 116. 110. 120.
 122. 114.  99. 140. 113. 115.  81.]","[ 78.  87.  96.  97.  99. 126.  70. 144. 127. 128. 130. 128. 118. 110.
  93.  93. 142. 119. 113.  99.  79.  75.  70. 130. 130. 127. 120. 113.
 114. 112. 108. 144. 141. 105. 103.]",104.14,110.51,107.32857142857142,70.0,130.0,70.0,108.0,113.0,111.0
gLH_sBM_cAll_d17_mLH0_ch02,gLH,sBM,cAll,d17,mLH0,ch02,80,[102.  86.  77.  82.  91.  73.  97.  97. 107.  77.  83.  89. 109.],[ 92. 104. 100. 100. 108. 144.  71. 106.  98. 144. 144. 108. 102.],90.0,109.31,99.65384615384616,77.0,144.0,144.0,89.0,104.0,99.0
gHO_sBM_cAll_d19_mHO1_ch10,gHO,sBM,cAll,d19,mHO1,ch10,115,[ 78.  70. 135. 139. 139. 144. 144. 144.  72.],[103.  75. 139. 144. 141. 144. 144. 144.  95.],118.33,125.44,121.88888888888889,144.0,144.0,144.0,139.0,141.0,139.0
gKR_sBM_cAll_d28_mKR3_ch10,gKR,sBM,cAll,d28,mKR3,ch10,110,[117. 125. 144. 144. 134. 144. 134. 142. 141.],[130.  81.  81.  81.  87. 135. 130. 111. 109.],136.11,105.0,120.55555555555556,144.0,81.0,81.0,141.0,109.0,130.0
gPO_sBM_cAll_d12_mPO4_ch06,gPO,sBM,cAll,d12,mPO4,ch06,120,[ 95.  85.  76.  70.  70. 128.  83.  90.  86.],[128. 128. 127. 112. 115. 131.  88.  88.  85.],87.0,111.33,99.16666666666667,70.0,88.0,128.0,85.0,115.0,89.0
gKR_sBM_cAll_d29_mKR1_ch09,gKR,sBM,cAll,d29,mKR1,ch09,90,[ 92.  96. 112. 113. 103. 144.  78. 144.  97.  85.  89.],[144. 140. 132. 124. 115. 102. 102.  70. 127. 116. 109.],104.82,116.45,110.63636363636364,144.0,102.0,144.0,97.0,116.0,110.5
gMH_sFM_cAll_d22_mMH4_ch05,gMH,sFM,cAll,d22,mMH4,ch05,120,"[ 94.  90. 101. 122. 132. 115. 114. 115. 112. 100.  84.  75. 120. 109.
 101. 144. 122. 121. 125. 121. 144. 144.  85.  80. 133. 109.  96. 106.
  70.  74.  96.  97.]","[123. 110. 103. 127. 122. 116. 118. 120.  82.  90. 120. 124. 123. 117.
 108. 104. 114. 129. 142. 144. 133. 120. 129. 143.  72. 101. 104. 117.
 120. 122. 129. 137.]",107.84,117.59,112.71875,144.0,120.0,120.0,109.0,120.0,116.5
gWA_sFM_cAll_d26_mWA4_ch12,gWA,sFM,cAll,d26,mWA4,ch12,120,"[129. 129. 120. 113.  85.  84. 101. 111. 106. 108. 118.  71. 143. 144.
  70. 144. 144. 144. 144. 109. 123. 140. 144. 140. 130. 144.  99. 144.
 144. 143. 144. 144.]","[122. 122. 126. 116. 111. 126. 132. 131. 130. 105.  70.  70. 114. 108.
  97. 100. 104. 108.  73. 144. 144. 144. 114. 141. 144. 144.  88.  96.
  74.  76.  70.  70.]",123.62,109.81,116.71875,144.0,144.0,144.0,129.5,112.5,121.0
gPO_sBM_cAll_d10_mPO2_ch09,gPO,sBM,cAll,d10,mPO2,ch09,100,[ 88.  94.  85.  87.  94.  93. 114.  80.  75.  70.],[140. 141. 144. 144.  97.  89. 136. 132. 107. 144.],88.0,127.4,107.7,94.0,144.0,144.0,87.5,138.0,95.5
gHO_sBM_cAll_d20_mHO5_ch03,gHO,sBM,cAll,d20,mHO5,ch03,135,[102. 104.  99.  98. 103. 103. 100. 110.],[127. 130. 133. 132. 138. 138. 133. 134.],102.38,133.12,117.75,103.0,133.0,103.0,102.5,133.0,118.5
gLO_sBM_cAll_d15_mLO3_ch10,gLO,sBM,cAll,d15,mLO3,ch10,110,[ 87.  98. 113. 107. 111. 108. 103. 108. 107.],[122. 122. 108. 110. 110. 107. 117. 104. 102.],104.67,111.33,108.0,107.0,110.0,107.0,107.0,110.0,108.0
gJB_sBM_cAll_d08_mJB5_ch08,gJB,sBM,cAll,d08,mJB5,ch08,130,[135. 136. 136. 144.  71. 129. 114. 112.],[131. 132. 132. 127. 126. 124. 115.  70.],122.12,119.62,120.875,136.0,132.0,132.0,132.0,126.5,128.0
gLH_sBM_cAll_d16_mLH0_ch05,gLH,sBM,cAll,d16,mLH0,ch05,80,[129.  70.  70.  97.  86.  97. 116.  87.  95. 144. 144.  75.  77.],[ 84.  85.  85.  70. 126.  89.  83. 121.  85.  78.  79.  79.  77.],99.0,87.77,93.38461538461539,70.0,85.0,70.0,95.0,84.0,85.0
gJB_sBM_cAll_d07_mJB3_ch03,gJB,sBM,cAll,d07,mJB3,ch03,110,[82. 85. 87. 87. 85. 86. 89. 91. 91.],[84. 86. 88. 88. 90. 88. 85. 90. 92.],87.0,87.89,87.44444444444444,85.0,88.0,85.0,87.0,88.0,87.5
gMH_sBM_cAll_d23_mMH4_ch01,gMH,sBM,cAll,d23,mMH4,ch01,120,[126. 121. 119. 122. 121. 117. 115. 110.  98.],[126. 120. 118. 120. 120. 118. 113. 113. 115.],116.56,118.11,117.33333333333333,121.0,120.0,120.0,119.0,118.0,118.5
gJB_sFM_cAll_d08_mJB1_ch09,gJB,sFM,cAll,d08,mJB1,ch09,90,"[144. 144.  78. 144. 102.  97.  88. 143. 130. 104. 110. 124. 133. 134.
 141.  86. 121. 114.  98. 100.  98.  93.  96. 140.  73. 144. 134. 138.
  76.  81.  91. 141.  89.  88.  83.  98. 108. 108.  75. 125.  89.  80.
  76.]","[123. 115. 120. 144.  85.  90. 103.  98.  70. 144. 142.  70.  82.  98.
 106. 109.  98.  91. 129. 111. 114. 115.  76.  77.  76.  70. 117. 116.
 122.  88. 144. 143.  77. 100. 103. 114. 106.  99. 142. 140.  70. 112.
  72.]",108.35,105.14,106.74418604651163,144.0,70.0,144.0,102.0,106.0,103.5
gBR_sBM_cAll_d05_mBR0_ch03,gBR,sBM,cAll,d05,mBR0,ch03,80,[75. 76. 75. 76. 85. 80. 77. 83. 79. 77. 85. 87. 86.],[ 82.  80.  78.  79.  81.  79.  80.  81.  79.  80.  83. 144. 144.],80.08,90.0,85.03846153846153,75.0,79.0,79.0,79.0,80.0,80.0
gLO_sBM_cAll_d15_mLO3_ch07,gLO,sBM,cAll,d15,mLO3,ch07,110,[129. 127. 137. 137. 133. 140. 136. 142.  97.],[144. 141. 135. 135. 138. 135. 134. 131. 119.],130.89,134.67,132.77777777777777,137.0,135.0,135.0,136.0,135.0,135.0
gLO_sBM_cAll_d13_mLO1_ch10,gLO,sBM,cAll,d13,mLO1,ch10,90,[131. 116. 106.  88.  88. 102. 140. 134. 114. 109.  84.],[ 78.  90.  94.  87.  91.  88.  85. 100.  85.  84.  96.],110.18,88.91,99.54545454545455,88.0,85.0,88.0,109.0,88.0,92.5
gMH_sBM_cAll_d23_mMH5_ch09,gMH,sBM,cAll,d23,mMH5,ch09,130,[131. 131. 132. 128. 122.  81.  77.  87.],[127. 128. 129. 128. 129. 130. 128. 123.],111.12,127.75,119.4375,131.0,128.0,128.0,125.0,128.0,128.0
gPO_sBM_cAll_d11_mPO5_ch07,gPO,sBM,cAll,d11,mPO5,ch07,130,[112. 100.  87.  73.  70.  75.  80.  73.],[134. 132. 132. 129. 129. 131. 121. 113.],83.75,127.62,105.6875,73.0,129.0,73.0,77.5,130.0,112.5
gBR_sBM_cAll_d04_mBR0_ch03,gBR,sBM,cAll,d04,mBR0,ch03,80,[141.  78.  81.  81.  80.  80.  83.  85.  80.  83.  80.  73. 136.],[ 82.  81.  80.  80.  81.  81.  81.  80.  79.  80.  79.  70. 131.],89.31,83.46,86.38461538461539,80.0,80.0,80.0,81.0,80.0,80.5
gJB_sBM_cAll_d09_mJB3_ch01,gJB,sBM,cAll,d09,mJB3,ch01,110,[103. 103. 104. 110. 105.  87.  87.  88. 109.],[117. 112.  97.  89.  96. 144. 144.  74.  70.],99.56,104.78,102.16666666666667,87.0,144.0,87.0,103.0,97.0,103.0
gMH_sBM_cAll_d22_mMH0_ch08,gMH,sBM,cAll,d22,mMH0,ch08,80,[133.  77.  86.  77.  88.  80. 118. 113.  84.  79. 123. 129. 139.],[144. 107.  82.  70. 144.  81.  90. 144. 100.  99. 144. 144. 143.],102.0,114.77,108.38461538461539,77.0,144.0,144.0,88.0,107.0,103.5
gKR_sFM_cAll_d28_mKR4_ch05,gKR,sFM,cAll,d28,mKR4,ch05,120,"[144. 144. 144. 144. 138. 144.  80.  79. 144. 117. 101.  98. 124.  86.
 114. 104.  98. 104. 116. 119. 125. 119.  85.  94. 112. 133. 144.  91.
 111.  70.  72. 144.]","[125. 123. 112. 144. 144. 144. 126. 130.  84. 144. 140. 144. 144.  97.
 109. 107.  95. 127. 131. 129. 112. 104.  97. 107. 109. 110. 128. 128.
 120.  78.  89.  95.]",113.81,118.0,115.90625,144.0,144.0,144.0,115.0,121.5,116.5
gMH_sFM_cAll_d22_mMH3_ch04,gMH,sFM,cAll,d22,mMH3,ch04,110,"[ 71.  79. 111. 113. 140. 103. 115.  76.  92. 102. 144.  95.  88.  77.
  77. 144. 121. 112. 101. 109. 144.  94. 107. 116. 120.  96.  99. 120.
 124.  86.  71. 126. 134. 129. 103.]","[111. 115. 114. 111. 109. 107. 115. 118. 114.  89.  75. 114. 117. 119.
 119. 106. 102. 106. 114. 115. 116. 111. 106. 109. 114. 126. 131. 115.
 110.  87. 134. 136. 144. 104. 104.]",106.83,112.49,109.65714285714286,144.0,114.0,114.0,107.0,114.0,111.0
gLH_sBM_cAll_d16_mLH3_ch07,gLH,sBM,cAll,d16,mLH3,ch07,110,[92. 78. 82. 83. 78. 83. 82. 85. 80.],[108. 107. 105. 109. 106. 106. 111. 106. 142.],82.56,111.11,96.83333333333333,78.0,106.0,106.0,82.0,107.0,98.5
gPO_sBM_cAll_d12_mPO3_ch06,gPO,sBM,cAll,d12,mPO3,ch06,110,[ 75.  73. 139.  94.  91.  97.  72.  77. 130.],[ 93.  96. 119. 120. 116. 114. 109. 108. 101.],94.22,108.44,101.33333333333333,72.0,93.0,72.0,91.0,109.0,99.0
gMH_sBM_cAll_d22_mMH2_ch10,gMH,sBM,cAll,d22,mMH2,ch10,100,[106. 104. 100. 100. 100. 102. 100.  98. 109. 132.],[105. 101.  99. 100. 102. 100. 102. 103. 144. 144.],105.1,110.0,107.55,100.0,100.0,100.0,101.0,102.0,102.0
gPO_sBM_cAll_d11_mPO5_ch06,gPO,sBM,cAll,d11,mPO5,ch06,130,[ 78. 144. 128. 116.  73. 144.  88.  93.],[109. 126. 130. 129.  98.  98.  94.  95.],108.0,109.88,108.9375,144.0,98.0,98.0,104.5,103.5,103.5
gHO_sBM_cAll_d20_mHO4_ch09,gHO,sBM,cAll,d20,mHO4,ch09,130,[116. 124. 132. 131. 131. 130. 128. 126.],[124. 127. 130. 128. 133. 133. 128. 125.],127.25,128.5,127.875,131.0,128.0,128.0,129.0,128.0,128.0
gBR_sBM_cAll_d06_mBR3_ch04,gBR,sBM,cAll,d06,mBR3,ch04,110,[ 73. 139. 137. 139. 135. 142. 144.  80. 105.],[144. 116. 112. 110. 109. 112. 111. 112. 144.],121.56,118.89,120.22222222222223,139.0,112.0,112.0,137.0,112.0,114.0
gBR_sBM_cAll_d05_mBR5_ch03,gBR,sBM,cAll,d05,mBR5,ch03,130,[133. 129. 126.  70. 130. 133. 131. 131.],[144. 125. 125. 130. 128. 132. 125.  96.],122.88,125.62,124.25,131.0,125.0,125.0,130.5,126.5,129.5
gMH_sBM_cAll_d23_mMH1_ch10,gMH,sBM,cAll,d23,mMH1,ch10,90,[ 97.  88.  85.  94.  88.  86. 127. 140.  90.  93.  82.],[96. 92. 91. 88. 89. 90. 89. 91. 88. 90. 94.],97.27,90.73,94.0,88.0,88.0,88.0,90.0,90.0,90.0
gWA_sBM_cAll_d26_mWA5_ch07,gWA,sBM,cAll,d26,mWA5,ch07,130,[116. 124. 144. 144. 144. 144. 113. 100.],[133. 129. 130. 144.  79.  79.  79.  82.],128.62,106.88,117.75,144.0,79.0,144.0,134.0,105.5,126.5
gLO_sBM_cAll_d14_mLO1_ch06,gLO,sBM,cAll,d14,mLO1,ch06,90,[123. 113. 110. 108. 105. 129. 144.  91. 104. 114. 111.],[140. 129. 130. 142. 124. 123. 144. 100.  93. 144. 144.],113.82,128.45,121.13636363636364,91.0,144.0,144.0,111.0,130.0,123.0
gBR_sBM_cAll_d04_mBR3_ch01,gBR,sBM,cAll,d04,mBR3,ch01,110,[132. 118.  91.  80.  84.  79.  84.  82.  70.],[111. 115. 112. 109. 109. 109. 109. 109. 110.],91.11,110.33,100.72222222222223,84.0,109.0,109.0,84.0,109.0,109.0
gLO_sBM_cAll_d15_mLO5_ch01,gLO,sBM,cAll,d15,mLO5,ch01,130,[ 99. 100.  97.  96. 101. 100. 100. 100.],[102. 106. 101.  98. 100.  95.  75. 144.],99.12,102.62,100.875,100.0,75.0,100.0,100.0,100.5,100.0
gKR_sBM_cAll_d30_mKR3_ch03,gKR,sBM,cAll,d30,mKR3,ch03,110,[ 70. 131. 118. 114. 117. 126. 144.  89.  87.],[133.  75.  87.  80.  86.  82.  81.  81.  72.],110.67,86.33,98.5,70.0,81.0,81.0,117.0,81.0,87.0
gHO_sBM_cAll_d21_mHO3_ch07,gHO,sBM,cAll,d21,mHO3,ch07,125,[124. 124. 124. 126. 127. 124. 129. 135.],[117. 124. 126. 125. 125. 127. 126. 119.],126.62,123.62,125.125,124.0,125.0,124.0,125.0,125.0,125.0
gJS_sBM_cAll_d02_mJS1_ch08,gJS,sBM,cAll,d02,mJS1,ch08,90,[116. 119.  70.  71.  70.  79. 102.  70.  75. 109. 113.],[72. 87. 88. 90. 91. 90. 92. 95. 88. 95. 99.],90.36,89.73,90.04545454545455,70.0,88.0,70.0,79.0,90.0,90.0
gJB_sBM_cAll_d08_mJB4_ch02,gJB,sBM,cAll,d08,mJB4,ch02,120,[120. 122.  70.  70.  73. 119. 120. 123. 124.],[120. 119. 118. 119. 119. 119. 118. 114. 112.],104.56,117.56,111.05555555555556,70.0,119.0,119.0,120.0,119.0,119.0
gPO_sBM_cAll_d12_mPO2_ch10,gPO,sBM,cAll,d12,mPO2,ch10,100,[ 72.  84. 106.  98.  81.  76.  86. 102.  97.  86.],[100.  95.  92. 108. 115.  96.  88.  88.  83. 124.],88.8,98.9,93.85,86.0,88.0,86.0,86.0,95.5,93.5
gJB_sBM_cAll_d08_mJB4_ch05,gJB,sBM,cAll,d08,mJB4,ch05,120,[109. 112.  70. 144. 144. 122.  70. 144. 104.],[111. 111. 120. 117. 121. 121. 124. 136.  70.],113.22,114.56,113.88888888888889,144.0,111.0,70.0,112.0,120.0,118.5
gJB_sBM_cAll_d08_mJB0_ch04,gJB,sBM,cAll,d08,mJB0,ch04,80,[116. 109. 144. 144. 134. 133.  86. 125. 129. 125. 110. 112. 118.],[100.  85.  70. 105. 106. 111. 144.  70. 132. 103.  70.  75.  78.],121.92,96.08,109.0,125.0,70.0,70.0,125.0,100.0,110.5
gHO_sBM_cAll_d20_mHO1_ch08,gHO,sBM,cAll,d20,mHO1,ch08,115,[ 98.  92.  87.  70. 116. 113. 117. 117. 114.],[ 98. 108. 106. 109. 116. 125. 124. 118. 114.],102.67,113.11,107.88888888888889,117.0,98.0,98.0,113.0,114.0,113.5
gLO_sBM_cAll_d14_mLO5_ch08,gLO,sBM,cAll,d14,mLO5,ch08,130,[112. 125. 137.  84. 104. 113. 115. 114.],[111. 109.  97.  95. 136. 124. 113. 107.],113.0,111.5,112.25,84.0,95.0,113.0,113.5,110.0,112.5
gJS_sBM_cAll_d01_mJS3_ch10,gJS,sBM,cAll,d01,mJS3,ch10,110,[144. 144.  93.  98. 144.  76.  80.  83. 144.],[ 91.  94.  99. 111.  70. 116. 103. 104. 114.],111.78,100.22,106.0,144.0,70.0,144.0,98.0,103.0,101.0
gHO_sFM_cAll_d21_mHO5_ch20,gHO,sFM,cAll,d21,mHO5,ch20,135,"[118. 119. 142.  74.  70. 144. 136.  78.  87.  91.  90. 126. 104.  98.
 132.  70.  75.  73. 136. 102. 100. 105. 123. 130.  71. 121. 139. 129.
 116.]","[133. 136. 132. 130. 133. 127. 111. 123. 133. 130. 129. 132. 137. 138.
 127. 126. 134. 144. 141. 136. 137. 138. 139. 139.  73.  93. 101. 135.
 144.]",106.86,128.66,117.75862068965517,70.0,133.0,136.0,105.0,133.0,128.0
gJS_sBM_cAll_d01_mJS2_ch09,gJS,sBM,cAll,d01,mJS2,ch09,100,[103. 102. 104. 119. 108. 114. 111.  99.  95. 144.],[ 70. 144. 100.  80.  83.  82.  85.  97.  81.  70.],109.9,89.2,99.55,95.0,70.0,70.0,106.0,82.5,99.5
gHO_sBM_cAll_d20_mHO1_ch05,gHO,sBM,cAll,d20,mHO1,ch05,115,[120. 120. 118. 116. 116. 116. 116. 116. 116.],[121. 120. 116. 116. 116. 115. 117. 118. 121.],117.11,117.78,117.44444444444444,116.0,116.0,116.0,116.0,117.0,116.0
gLH_sBM_cAll_d18_mLH5_ch01,gLH,sBM,cAll,d18,mLH5,ch01,130,[120.  98.  97.  96. 141. 134.  70.  71.],[ 93. 102. 138.  99. 103. 127. 124. 120.],103.38,113.25,108.3125,70.0,93.0,120.0,97.5,111.5,102.5
gJB_sBM_cAll_d07_mJB2_ch04,gJB,sBM,cAll,d07,mJB2,ch04,100,[ 82.  78.  70. 115. 122. 127. 115.  76.  72.  78.],[ 77.  74.  70. 105.  88. 128. 106.  99.  98.  97.],93.5,94.2,93.85,78.0,70.0,70.0,80.0,97.5,92.5
gJB_sFM_cAll_d08_mJB4_ch12,gJB,sFM,cAll,d08,mJB4,ch12,120,"[ 71. 131. 143. 108. 110.  86.  76.  74.  70.  70.  98. 109. 144. 144.
  70. 131.  99. 102. 115. 109.  90.  89.  95. 144. 138.  70. 125.  82.
  70. 107.  98.  85.]","[112. 114. 123.  71.  79.  97.  94. 127.  70.  70.  70.  98. 107.  93.
  93.  92.  84.  70. 121. 115. 105.  85.  78. 132. 121. 113. 119. 112.
 144. 144. 116.  99.]",101.66,102.12,101.890625,70.0,70.0,70.0,98.5,102.0,99.0
gWA_sFM_cAll_d25_mWA3_ch04,gWA,sFM,cAll,d25,mWA3,ch04,110,"[144. 137.  82.  86. 102. 109. 106. 113. 119. 111. 100. 104. 110. 107.
 139. 135. 134. 122. 112. 106. 107. 113. 117. 117. 124. 122. 130. 137.
 143. 144. 144.  86.  86.  88.  74.]","[119. 129. 135. 136.  94. 105. 108. 112. 104. 137.  82. 103. 106. 106.
  91.  91. 143. 138. 133. 121. 132. 141.  98.  99.  96.  98. 108. 104.
 100. 100.  97. 141. 125. 115. 121.]",114.57,113.37,113.97142857142858,86.0,91.0,106.0,113.0,108.0,111.5
gKR_sBM_cAll_d30_mKR3_ch08,gKR,sBM,cAll,d30,mKR3,ch08,110,[120. 119. 112. 113. 109. 105. 114.  86.  84.],[78. 78. 81. 82. 82. 81. 81. 85. 80.],106.89,80.89,93.88888888888889,84.0,81.0,81.0,112.0,81.0,84.5
gBR_sBM_cAll_d04_mBR0_ch06,gBR,sBM,cAll,d04,mBR0,ch06,80,[103. 105. 102.  99.  70.  70. 111.  94.  93. 106. 117. 118. 111.],[ 81.  83. 126. 125.  77.  83.  77.  73.  85.  81.  72.  70. 112.],99.92,88.08,94.0,70.0,77.0,70.0,103.0,81.0,93.5
gLO_sBM_cAll_d14_mLO4_ch02,gLO,sBM,cAll,d14,mLO4,ch02,120,[110. 107. 116.  73.  80.  95. 104.  99.  92.],[104. 100.  70. 130. 128. 124. 137.  95.  97.],97.33,109.44,103.38888888888889,73.0,70.0,95.0,99.0,104.0,102.0
gKR_sFM_cAll_d28_mKR1_ch02,gKR,sFM,cAll,d28,mKR1,ch02,90,"[100. 100. 126. 125.  95. 100.  99. 100.  96.  76. 144. 105. 113. 122.
 125.  95. 106. 115. 123. 141. 144.  97.  91.  78.  71. 104. 103. 144.
 144.  75.  76. 122. 124. 127.  75.  92. 105. 115. 113. 109. 107. 110.
 124.]","[ 84.  87.  91.  78. 110. 112. 117. 117.  91.  96.  99.  83.  83.  95.
 109. 110. 121. 121. 118. 118. 114. 127. 128. 127.  88.  90.  89. 100.
 110. 104.  98.  89. 114. 110. 101. 101. 111. 110.  98.  99. 120. 129.
  81.]",108.28,104.14,106.20930232558139,100.0,110.0,110.0,106.0,104.0,105.5
gJB_sBM_cAll_d07_mJB0_ch03,gJB,sBM,cAll,d07,mJB0,ch03,80,[134. 144. 144. 144.  74. 144.  75.  76.  76.  75.  76.  81.  93.],[114. 118. 144. 144. 144. 128. 131. 144. 144. 144.  78. 144. 144.],102.77,132.38,117.57692307692308,144.0,144.0,144.0,81.0,144.0,132.5
gPO_sBM_cAll_d11_mPO1_ch05,gPO,sBM,cAll,d11,mPO1,ch05,90,[83. 76. 78. 79. 81. 97. 75. 71. 73. 76. 84.],[121.  95.  97. 102. 136. 121. 119. 118.  97. 140. 136.],79.36,116.55,97.95454545454545,76.0,97.0,97.0,78.0,119.0,96.0
gJS_sBM_cAll_d02_mJS5_ch10,gJS,sBM,cAll,d02,mJS5,ch10,130,[ 81.  77.  74.  91. 103. 112. 144. 144.],[ 86.  99. 117. 144.  82.  91.  88. 130.],103.25,104.62,103.9375,144.0,82.0,144.0,97.0,95.0,95.0
gJB_sBM_cAll_d07_mJB2_ch09,gJB,sBM,cAll,d07,mJB2,ch09,100,[130. 122. 114.  70.  70.  81.  75. 142. 102. 108.],[ 82.  80.  80.  76.  75.  79.  75. 144. 144. 137.],101.4,97.2,99.3,70.0,75.0,75.0,105.0,80.0,81.5
gMH_sBM_cAll_d24_mMH4_ch02,gMH,sBM,cAll,d24,mMH4,ch02,120,[124.  73. 103. 104.  83. 144. 102. 113. 113.],[125. 121. 126.  92.  94.  93.  86.  81.  92.],106.56,101.11,103.83333333333333,113.0,92.0,92.0,104.0,93.0,102.5
gLO_sBM_cAll_d15_mLO4_ch06,gLO,sBM,cAll,d15,mLO4,ch06,120,[143. 117. 144. 142.  95. 144. 117. 138. 138.],[ 90.  90.  91.  89.  91.  89.  87.  92. 140.],130.89,95.44,113.16666666666667,117.0,89.0,89.0,138.0,90.0,106.0
gWA_sBM_cAll_d26_mWA4_ch05,gWA,sBM,cAll,d26,mWA4,ch05,120,[ 75.  70.  70.  71. 116. 104. 144. 142. 141.],[ 95. 115. 128. 124. 126. 143. 144.  87.  90.],103.67,116.89,110.27777777777777,70.0,87.0,70.0,104.0,124.0,115.5
gMH_sBM_cAll_d22_mMH0_ch02,gMH,sBM,cAll,d22,mMH0,ch02,80,[144. 144. 107. 116. 140.  70. 115. 144. 100.  70.  70.  70. 138.],[ 75.  70. 110.  98.  70. 144. 144. 123. 123. 136. 140.  70.  75.],109.85,106.0,107.92307692307692,70.0,70.0,70.0,115.0,110.0,112.5
gJS_sBM_cAll_d03_mJS4_ch01,gJS,sBM,cAll,d03,mJS4,ch01,120,[126. 128. 121. 144. 136.  83.  97.  70.  77.],[138.  72.  70.  70.  70. 131. 119. 109.  70.],109.11,94.33,101.72222222222223,70.0,70.0,70.0,121.0,72.0,103.0
gJB_sBM_cAll_d08_mJB1_ch04,gJB,sBM,cAll,d08,mJB1,ch04,90,[ 94.  71.  77.  91.  93.  95. 138. 134. 124. 117.  80.],[128. 118. 116. 120.  73.  70.  72. 144. 108. 116. 127.],101.27,108.36,104.81818181818181,71.0,116.0,116.0,94.0,116.0,112.0
gJS_sBM_cAll_d03_mJS4_ch03,gJS,sBM,cAll,d03,mJS4,ch03,120,[ 90. 103. 118.  70.  71. 140. 144. 101. 103.],[117. 119. 137.  80.  88. 122. 129. 135. 136.],104.44,118.11,111.27777777777777,103.0,80.0,103.0,103.0,122.0,117.5
gWA_sBM_cAll_d26_mWA5_ch02,gWA,sBM,cAll,d26,mWA5,ch02,130,[116. 124. 138.  77.  89. 132. 122. 118.],[144. 144. 144. 135. 139. 140. 119. 115.],114.5,135.0,124.75,77.0,144.0,144.0,120.0,139.5,128.0
gWA_sBM_cAll_d25_mWA2_ch09,gWA,sBM,cAll,d25,mWA2,ch09,100,[105.  93.  86. 105. 115. 109.  95.  85.  72.  75.],[ 70.  81. 123. 134. 144. 135. 126.  94. 103. 111.],94.0,112.1,103.05,105.0,70.0,105.0,94.0,117.0,104.0
gJS_sBM_cAll_d03_mJS3_ch07,gJS,sBM,cAll,d03,mJS3,ch07,110,[ 80.  73.  70. 144. 139. 133. 113. 104.  87.],[122. 120. 102. 104. 104. 141. 122. 111.  99.],104.78,113.89,109.33333333333333,70.0,104.0,104.0,104.0,111.0,107.5
gLH_sBM_cAll_d16_mLH2_ch03,gLH,sBM,cAll,d16,mLH2,ch03,100,[ 75.  76. 140.  94. 100. 109. 118. 132.  70.  76.],[122. 116. 104. 104.  76.  77.  75.  73.  79.  76.],99.0,90.2,94.6,76.0,76.0,76.0,97.0,78.0,86.5
gPO_sBM_cAll_d12_mPO2_ch05,gPO,sBM,cAll,d12,mPO2,ch05,100,[ 99.  99. 115. 123. 121.  71.  96.  85. 139. 131.],[144. 137.  94.  74. 112.  77.  71. 110.  93. 130.],107.9,104.2,106.05,99.0,71.0,71.0,107.0,102.0,104.5
gPO_sBM_cAll_d12_mPO2_ch08,gPO,sBM,cAll,d12,mPO2,ch08,100,[ 75. 136. 123. 120.  70. 114. 110.  70. 144. 144.],[107. 101.  95.  99. 108. 104.  98.  78. 140. 144.],110.6,107.4,109.0,70.0,78.0,144.0,117.0,102.5,107.5
gHO_sBM_cAll_d19_mHO0_ch09,gHO,sBM,cAll,d19,mHO0,ch09,110,[ 77.  70. 105. 109. 113. 113. 116. 114. 113.],[111. 110. 109. 109. 110. 110. 111. 111. 109.],103.33,110.0,106.66666666666667,113.0,109.0,109.0,113.0,110.0,110.0
gKR_sBM_cAll_d29_mKR4_ch10,gKR,sBM,cAll,d29,mKR4,ch10,120,[137. 139.  99. 119.  79.  88.  93. 144. 143.],[119. 117. 119. 120. 124. 119. 115. 115. 122.],115.67,118.89,117.27777777777777,79.0,119.0,119.0,119.0,119.0,119.0
gJS_sBM_cAll_d03_mJS3_ch03,gJS,sBM,cAll,d03,mJS3,ch03,110,[ 82.  81. 100. 130.  96. 108. 126. 144.  94.],[107. 107. 102. 144.  70. 134. 132. 121.  81.],106.78,110.89,108.83333333333333,81.0,107.0,81.0,100.0,107.0,107.0
gKR_sBM_cAll_d30_mKR2_ch02,gKR,sBM,cAll,d30,mKR2,ch02,100,[144. 144. 144. 122. 104. 109. 125. 117. 100. 144.],[102. 104. 106. 100.  99. 102.  98.  98. 103. 106.],125.3,101.8,113.55,144.0,98.0,144.0,123.5,102.0,105.0
gJS_sBM_cAll_d03_mJS2_ch10,gJS,sBM,cAll,d03,mJS2,ch10,100,[ 74.  82.  86. 125. 113. 112. 119. 131. 135. 141.],[ 97. 110. 114. 125. 122. 144.  70.  78.  74.  70.],111.8,100.4,106.1,74.0,70.0,70.0,116.0,103.5,112.5
gLO_sBM_cAll_d15_mLO5_ch05,gLO,sBM,cAll,d15,mLO5,ch05,130,[127. 130. 137. 100. 103.  94. 139. 140.],[ 95.  94. 103. 100.  92.  95. 119. 126.],121.25,103.0,112.125,94.0,95.0,94.0,128.5,97.5,103.0
gJS_sBM_cAll_d03_mJS5_ch03,gJS,sBM,cAll,d03,mJS5,ch03,130,[120. 119. 127. 144. 112.  70. 138. 127.],[136. 139.  93.  73.  70.  96. 107. 107.],119.62,102.62,111.125,127.0,107.0,70.0,123.5,101.5,115.5
gJS_sBM_cAll_d02_mJS5_ch08,gJS,sBM,cAll,d02,mJS5,ch08,130,[ 80.  70.  70.  70.  70.  70.  70. 138.],[133. 132. 131. 130. 131. 129. 126. 126.],79.75,129.75,104.75,70.0,126.0,70.0,70.0,130.5,126.0
gWA_sBM_cAll_d26_mWA1_ch02,gWA,sBM,cAll,d26,mWA1,ch02,90,[125. 138. 144. 108. 115. 104.  99. 107. 112. 106. 110.],[131. 134. 138. 144. 107. 123. 120. 111. 118. 134. 126.],115.27,126.0,120.63636363636364,99.0,134.0,107.0,110.0,126.0,119.0
gJS_sBM_cAll_d01_mJS2_ch10,gJS,sBM,cAll,d01,mJS2,ch10,100,[ 79.  84.  80. 139. 125. 116. 117. 109.  70.  81.],[137. 123. 119. 118.  73.  70. 130. 119. 141. 139.],100.0,116.9,108.45,70.0,119.0,70.0,96.5,121.0,117.5
gKR_sBM_cAll_d28_mKR1_ch08,gKR,sBM,cAll,d28,mKR1,ch08,90,[134. 140.  96.  95.  93. 130. 138. 138. 134. 134.  93.],[91. 95. 96. 94. 91. 88. 91. 93. 90. 88. 83.],120.45,90.91,105.68181818181819,134.0,91.0,91.0,134.0,91.0,94.5
gPO_sBM_cAll_d12_mPO3_ch02,gPO,sBM,cAll,d12,mPO3,ch02,110,[ 77.  76.  73. 142.  94.  81.  76.  70. 124.],[103. 111. 115. 106. 112. 108. 114.  87.  92.],90.33,105.33,97.83333333333333,76.0,87.0,76.0,77.0,108.0,98.5
gLH_sBM_cAll_d16_mLH2_ch08,gLH,sBM,cAll,d16,mLH2,ch08,100,[ 95.  94.  95. 102.  93. 103. 104. 103. 108. 106.],[73. 79. 81. 74. 77. 75. 73. 75. 82. 92.],100.3,78.1,89.2,95.0,73.0,73.0,102.5,76.0,92.5
gKR_sBM_cAll_d29_mKR4_ch04,gKR,sBM,cAll,d29,mKR4,ch04,120,[120. 121. 120. 123. 119. 122. 125.  70.  83.],[128. 125. 121. 121. 118. 119. 123. 120. 114.],111.44,121.0,116.22222222222223,120.0,121.0,120.0,120.0,121.0,120.5
gJS_sBM_cAll_d03_mJS2_ch05,gJS,sBM,cAll,d03,mJS2,ch05,100,[ 82. 106. 144. 138. 125.  70.  80.  77. 123. 120.],[131. 133. 144. 144. 141.  76. 125. 132.  70.  75.],106.5,117.1,111.8,70.0,144.0,144.0,113.0,131.5,124.0
gBR_sFM_cAll_d06_mBR4_ch20,gBR,sFM,cAll,d06,mBR4,ch20,120,"[ 90. 105.  73.  75. 118.  70.  74.  84.  95. 131. 132. 126. 122. 121.
  91.  77.  82. 100. 111.  70. 144. 144.  81.  80. 144. 123. 144.  87.
 101. 119.  88.  80.]","[133. 126. 116. 111. 120. 129. 121. 140. 144. 128. 118.  70. 132. 141.
 140. 125. 105. 104. 110. 108. 111. 126.  89. 127. 129. 106.  95. 144.
 138. 123. 126. 125.]",102.56,120.62,111.59375,144.0,126.0,144.0,97.5,125.0,118.0
gHO_sBM_cAll_d19_mHO2_ch01,gHO,sBM,cAll,d19,mHO2,ch01,120,[ 84.  85.  90.  89. 144.  96.  91.  87.  86.],[109. 111. 122. 121. 123. 119. 122. 120. 114.],94.67,117.89,106.27777777777777,84.0,122.0,122.0,89.0,120.0,110.0
gLH_sBM_cAll_d18_mLH3_ch02,gLH,sBM,cAll,d18,mLH3,ch02,110,[ 90. 135.  72.  82.  84.  70. 114. 113.  70.],[101. 101. 105. 112. 108. 109. 107. 110. 120.],92.22,108.11,100.16666666666667,70.0,101.0,70.0,84.0,108.0,106.0
gJB_sBM_cAll_d08_mJB5_ch09,gJB,sBM,cAll,d08,mJB5,ch09,130,[138.  71.  75.  77.  87.  94.  79.  72.],[116. 116. 120. 124. 126.  70.  72.  75.],86.62,102.38,94.5,71.0,116.0,72.0,78.0,116.0,83.0
gLO_sFM_cAll_d13_mLO3_ch04,gLO,sFM,cAll,d13,mLO3,ch04,110,"[121. 116. 125. 144. 144. 135. 139. 144.  75. 144.  92.  98. 114.  93.
  92. 125. 118. 120. 107. 144. 130. 125. 128. 126. 144. 144. 121. 117.
 122. 124. 127.  84.  87.  87.  83.]","[115. 114. 109. 109. 115. 120. 115. 144. 144. 144. 111. 106. 117. 116.
 103. 109. 102.  98. 102.  86. 101. 144. 129. 125. 144. 144. 124. 110.
 144. 142.  94.  99. 101. 105.  93.]",118.26,116.51,117.38571428571429,144.0,144.0,144.0,122.0,114.0,117.0
gMH_sBM_cAll_d23_mMH1_ch04,gMH,sBM,cAll,d23,mMH1,ch04,90,[103. 113. 125. 140.  80.  92. 142. 129. 120. 118. 115.],[144. 109. 102.  92.  88.  94. 102. 117. 124.  81.  81.],116.09,103.09,109.5909090909091,80.0,81.0,81.0,118.0,102.0,111.0
gPO_sBM_cAll_d11_mPO0_ch01,gPO,sBM,cAll,d11,mPO0,ch01,80,[ 87.  83.  78.  84.  82.  80.  85.  81.  75.  79.  74. 126. 122.],[ 94.  82.  81.  86.  82.  78.  81.  81.  77.  80. 116.  70.  80.],87.38,83.69,85.53846153846153,74.0,81.0,81.0,82.0,81.0,81.0
gBR_sBM_cAll_d06_mBR5_ch02,gBR,sBM,cAll,d06,mBR5,ch02,130,[ 78. 132. 127. 130. 132. 130. 135.  94.],[ 95.  92. 132. 126. 129. 121. 144. 144.],119.75,122.88,121.3125,130.0,144.0,132.0,130.0,127.5,129.5
gKR_sFM_cAll_d30_mKR2_ch17,gKR,sFM,cAll,d30,mKR2,ch17,100,"[123. 136. 141. 129. 118. 120. 112.  95. 136. 138. 107. 105. 125. 137.
 104. 129. 135. 135.  95.  94. 109. 127. 135. 116. 104.  94. 101. 118.
 141. 144.  70.  70.  85.  98. 113. 122. 128.  70.  72.]","[ 89. 102. 139. 144.  94.  95. 110. 119. 115.  84.  91.  99. 122. 119.
 144. 132.  88.  96. 137. 132. 128. 133. 114. 116.  91.  91.  95. 120.
  85.  92. 102. 103.  96.  94. 101. 144.  95. 100. 106.]",113.62,109.15,111.38461538461539,70.0,91.0,95.0,118.0,102.0,111.0
gKR_sBM_cAll_d29_mKR4_ch09,gKR,sBM,cAll,d29,mKR4,ch09,120,[112. 119. 119. 119. 118. 144.  70. 119. 116.],[120. 123. 124. 121. 118. 123. 143.  98.  99.],115.11,118.78,116.94444444444444,119.0,123.0,119.0,119.0,121.0,119.0
gWA_sBM_cAll_d27_mWA4_ch10,gWA,sBM,cAll,d27,mWA4,ch10,120,[ 99. 109. 108. 105. 144. 100.  95. 144.  90.],[103. 104.  95.  84.  81.  88.  83. 111. 109.],110.44,95.33,102.88888888888889,144.0,81.0,95.0,105.0,95.0,101.5
gJS_sBM_cAll_d01_mJS1_ch02,gJS,sBM,cAll,d01,mJS1,ch02,90,[144. 144. 141. 136. 130. 113. 106. 101. 142. 139. 144.],[114. 118. 127. 135.  70.  99. 116. 126. 141. 105.  95.],130.91,113.27,122.0909090909091,144.0,70.0,144.0,139.0,116.0,126.5
gLO_sBM_cAll_d15_mLO4_ch04,gLO,sBM,cAll,d15,mLO4,ch04,120,[ 75.  76.  78.  77.  78.  73. 128. 136. 135.],[106. 103. 102. 109.  97. 141. 129. 119. 103.],95.11,112.11,103.61111111111111,78.0,103.0,78.0,78.0,106.0,103.0
gJB_sFM_cAll_d09_mJB1_ch21,gJB,sFM,cAll,d09,mJB1,ch21,90,"[ 72.  92.  95. 104. 121. 129. 130.  87. 103. 144. 142. 132.  87.  86.
  80.  72.  73. 119. 117. 115. 116. 137.  90.  93.  96. 133. 101.  79.
  81. 109. 103.  88. 144. 139. 121. 116. 127.  79.  82.  75. 114.  93.
  82.]","[ 90.  90.  91.  99. 103. 120.  72. 125. 144. 110. 112.  71. 100.  90.
 144.  93.  91. 136. 141. 144.  78.  84.  88.  83. 141. 133. 136. 139.
  74.  88.  90.  70. 110. 118. 119. 106.  94.  86.  84.  83. 109. 144.
  82.]",104.6,104.77,104.68604651162791,72.0,90.0,144.0,103.0,99.0,100.5
gBR_sFM_cAll_d05_mBR5_ch12,gBR,sFM,cAll,d05,mBR5,ch12,130,"[ 97. 103. 109. 116. 115. 139.  94.  93.  93. 113. 125. 135.  78. 144.
 144.  72. 134.  70. 144. 118. 118. 144. 141. 120.  98.  99. 116.  70.
  70.  79.]","[139. 132. 130. 131. 127. 128. 131.  86. 144. 136. 130. 126. 112. 104.
 117. 122. 138. 134. 132.  91.  98. 120. 133. 129. 136. 129. 130. 135.
 129.  80.]",109.7,123.63,116.66666666666667,144.0,129.0,144.0,114.0,129.5,123.5
gJS_sBM_cAll_d01_mJS1_ch06,gJS,sBM,cAll,d01,mJS1,ch06,90,[107. 114. 136. 144. 144. 135. 135. 139. 141. 144.  79.],[116. 114. 121. 144.  72. 128. 115. 111. 128. 136. 139.],128.91,120.36,124.63636363636364,144.0,128.0,144.0,136.0,121.0,131.5
gWA_sFM_cAll_d27_mWA5_ch20,gWA,sFM,cAll,d27,mWA5,ch20,130,"[118.  70.  75.  85.  83. 143. 136. 142.  71. 112. 108.  70. 144. 144.
 142. 132. 129.  74.  84.  84. 138. 132. 116.  73.  83. 101. 100. 144.
  73.  71.]","[112. 105. 106.  97.  97. 118. 133. 104. 100. 111. 135. 129. 119. 105.
  78. 133. 111. 103.  92. 102. 119. 126. 109. 100. 144. 134. 133. 114.
 101.  85.]",105.9,111.83,108.86666666666666,144.0,133.0,144.0,104.5,110.0,108.5
gWA_sBM_cAll_d25_mWA2_ch01,gWA,sBM,cAll,d25,mWA2,ch01,100,[ 77.  76.  71. 110. 109.  83.  83.  77. 113. 104.],[102.  98.  98. 105. 121. 134. 144. 107. 109. 108.],90.3,112.6,101.45,77.0,98.0,77.0,83.0,107.5,104.5
gJB_sFM_cAll_d07_mJB0_ch01,gJB,sFM,cAll,d07,mJB0,ch01,80,"[136. 141.  96.  95.  94.  93.  97.  92.  80.  84.  84.  78.  77. 123.
 138. 144. 122.  85. 108. 105. 102. 107. 112. 144. 142.  84.  89. 121.
 130. 108. 112. 115. 121. 128. 123. 119. 141.  93. 107. 110.  91.  98.
 108.  87.  75.  77. 118. 112.]","[ 91.  91.  82.  82.  82.  83. 109. 116. 129.  80. 101. 116. 130. 136.
 144. 144. 144.  70. 103.  88. 118. 103.  77.  70.  70.  83.  83. 144.
 144. 116. 116. 121.  76.  88.  79.  83.  82.  85. 120. 111.  74.  71.
  70.  70.  70.  70.  78.  76.]",107.21,97.27,102.23958333333333,84.0,70.0,70.0,107.5,86.5,99.5
gKR_sBM_cAll_d30_mKR2_ch04,gKR,sBM,cAll,d30,mKR2,ch04,100,[119. 133.  95. 119. 141. 112. 137.  90. 112.  70.],[118. 118. 128. 127. 122. 128. 119. 129. 122. 114.],112.8,122.5,117.65,112.0,118.0,119.0,115.5,122.0,119.0
gMH_sBM_cAll_d23_mMH5_ch04,gMH,sBM,cAll,d23,mMH5,ch04,130,[111. 106.  84. 139. 134.  77.  70. 105.],[105.  99. 144. 137. 120. 116. 119. 119.],103.25,119.88,111.5625,70.0,119.0,105.0,105.5,119.0,113.5
gLO_sBM_cAll_d13_mLO2_ch06,gLO,sBM,cAll,d13,mLO2,ch06,100,[114. 115.  94. 125. 125. 133. 110.  91. 104. 116.],[138.  73.  79.  76.  76.  74.  72.  78.  75.  74.],112.7,81.5,97.1,125.0,74.0,74.0,114.5,75.5,92.5
gLH_sBM_cAll_d17_mLH0_ch09,gLH,sBM,cAll,d17,mLH0,ch09,80,[107. 107. 112. 128. 137.  74.  79.  82. 104. 142. 128. 132. 144.],[144.  92.  87.  79.  78. 144.  90. 144. 119. 112. 142. 144.  81.],113.54,112.0,112.76923076923077,107.0,144.0,144.0,112.0,112.0,112.0
gPO_sBM_cAll_d11_mPO1_ch10,gPO,sBM,cAll,d11,mPO1,ch10,90,[141. 135. 129. 110. 105. 110. 114. 122.  85.  88.  86.],[115. 104. 103.  97.  85. 124. 107. 103.  70.  75.  73.],111.36,96.0,103.68181818181819,110.0,103.0,85.0,110.0,103.0,104.5
gWA_sBM_cAll_d27_mWA5_ch07,gWA,sBM,cAll,d27,mWA5,ch07,130,[ 78.  70.  70.  84.  96. 119. 144.  90.],[131. 134. 120. 109.  70. 144. 144. 144.],93.88,124.5,109.1875,70.0,144.0,144.0,87.0,132.5,114.0
gJS_sBM_cAll_d03_mJS2_ch07,gJS,sBM,cAll,d03,mJS2,ch07,100,[116. 139. 141.  76.  80.  81.  92.  92. 107. 110.],[130. 144. 144. 130.  70.  92. 100. 105.  71.  70.],103.4,105.6,104.5,92.0,70.0,92.0,99.5,102.5,102.5
gJS_sBM_cAll_d03_mJS4_ch07,gJS,sBM,cAll,d03,mJS4,ch07,120,[104. 119. 121.  70.  72. 107. 144. 125. 120.],[114. 105.  86.  75. 134.  81.  75.  75.  86.],109.11,92.33,100.72222222222223,70.0,75.0,75.0,119.0,86.0,104.5
gMH_sBM_cAll_d24_mMH5_ch10,gMH,sBM,cAll,d24,mMH5,ch10,130,[144. 144. 144.  96. 140. 128. 128. 123.],[133. 131. 134. 130. 122. 128. 128. 126.],130.88,129.0,129.9375,144.0,128.0,128.0,134.0,129.0,129.0
gMH_sBM_cAll_d23_mMH0_ch02,gMH,sBM,cAll,d23,mMH0,ch02,80,[144. 144.  75.  83. 144. 100. 107. 139.  77.  90. 130. 122. 103.],[ 94. 109. 114. 123. 124. 114.  88.  97. 115. 127. 129. 118. 107.],112.15,112.23,112.1923076923077,144.0,114.0,144.0,107.0,114.0,114.0
gHO_sBM_cAll_d21_mHO4_ch06,gHO,sBM,cAll,d21,mHO4,ch06,130,[133. 130. 128. 132. 129. 129. 130. 125.],[128. 128. 130. 130. 129. 130. 131. 129.],129.5,129.38,129.4375,129.0,130.0,130.0,129.5,129.5,129.5
gHO_sBM_cAll_d21_mHO2_ch01,gHO,sBM,cAll,d21,mHO2,ch01,120,[131. 126. 117. 118. 122. 120. 122. 120. 118.],[120. 122. 122. 120. 122. 119. 122. 107.  97.],121.56,116.78,119.16666666666667,118.0,122.0,122.0,120.0,120.0,120.0
gHO_sFM_cAll_d21_mHO0_ch15,gHO,sFM,cAll,d21,mHO0,ch15,110,"[ 87.  79.  76. 112. 111. 116. 143.  70.  70. 132.  97. 103. 110.  74.
  84.  89.  92. 105. 102.  77.  70. 143. 144.  90.  93.  90.  92. 110.
 110. 103. 115. 112. 120. 128. 119.]","[120. 116. 107. 116. 116. 113. 104. 110. 113. 115. 116. 111. 113. 106.
 105. 106.  93.  88. 120. 112. 107. 103. 114. 120. 114. 109. 111. 110.
 107. 100. 114. 113. 111. 113. 131.]",101.94,110.77,106.35714285714286,70.0,113.0,110.0,103.0,112.0,110.0
gWA_sBM_cAll_d25_mWA1_ch05,gWA,sBM,cAll,d25,mWA1,ch05,90,[ 87.  80.  73.  73.  70.  70.  71. 136. 133. 108. 111.],[136. 122. 121. 133. 144. 144. 144.  99. 108. 119. 118.],92.0,126.18,109.0909090909091,70.0,144.0,144.0,80.0,122.0,114.5
gMH_sBM_cAll_d22_mMH0_ch05,gMH,sBM,cAll,d22,mMH0,ch05,80,[116. 119.  83.  82.  85. 107. 111.  82.  77. 110.  96.  89.  82.],[144.  92.  79. 144.  82.  80.  81.  81.  79.  79.  81. 144. 144.],95.31,100.77,98.03846153846153,82.0,144.0,82.0,89.0,81.0,84.0
gMH_sBM_cAll_d23_mMH4_ch03,gMH,sBM,cAll,d23,mMH4,ch03,120,[107. 116. 122.  71.  70. 124.  70. 107. 144.],[101.  95.  83.  83. 102. 110. 122. 119. 113.],103.44,103.11,103.27777777777777,70.0,83.0,70.0,107.0,102.0,107.0
gPO_sBM_cAll_d12_mPO2_ch02,gPO,sBM,cAll,d12,mPO2,ch02,100,[ 95.  78.  70. 126. 123.  83.  74.  70. 122. 113.],[103. 102. 105.  98.  98. 100. 100. 107. 101. 103.],95.4,101.7,98.55,70.0,98.0,70.0,89.0,101.5,100.5
gWA_sBM_cAll_d26_mWA4_ch01,gWA,sBM,cAll,d26,mWA4,ch01,120,[ 99.  97. 144.  76.  72.  77.  91. 104. 109.],[129. 132. 138. 140. 144.  88.  96. 121. 144.],96.56,125.78,111.16666666666667,72.0,144.0,144.0,97.0,132.0,106.5
gBR_sBM_cAll_d04_mBR0_ch07,gBR,sBM,cAll,d04,mBR0,ch07,80,[136.  71. 144. 113.  70.  70. 137. 143.  70. 110.  70.  70. 112.],[ 90.  98.  94. 138. 142. 100. 102. 144. 144. 111.  70. 102. 111.],101.23,111.23,106.23076923076923,70.0,102.0,70.0,110.0,102.0,106.0
gKR_sFM_cAll_d29_mKR0_ch08,gKR,sFM,cAll,d29,mKR0,ch08,80,"[ 73.  70.  70.  72. 106.  93.  92.  77. 108. 123. 129. 127. 128.  83.
 144. 143. 144. 144.  70. 112.  93.  87. 128. 137.  70.  77. 144. 127.
 132. 141. 138. 143. 140. 109. 144. 116. 116. 125. 126. 128. 128.  83.
  97. 104. 106. 101.  99. 105.]","[144.  97. 121.  81.  91. 107. 114. 121. 122. 117. 112. 116. 105.  96.
  81. 118. 120. 127.  70.  84. 144. 144. 132. 127. 118. 121. 110. 113.
 130. 138.  88. 144. 130. 123. 118. 108. 142. 100.  70.  80. 102.  73.
  79.  79.  81.  81. 144.  73.]",111.5,109.08,110.29166666666667,144.0,144.0,144.0,114.0,113.5,113.5
gLH_sBM_cAll_d18_mLH3_ch06,gLH,sBM,cAll,d18,mLH3,ch06,110,[ 92. 107.  70.  80. 127. 140. 134. 112. 103.],[125. 134.  71.  78.  70.  70. 141. 126. 119.],107.22,103.78,105.5,70.0,70.0,70.0,107.0,119.0,109.5
gLO_sBM_cAll_d14_mLO5_ch06,gLO,sBM,cAll,d14,mLO5,ch06,130,[129. 122. 122. 126. 126. 117. 114. 118.],[ 99. 112. 131. 126. 118. 132.  96.  96.],121.75,113.75,117.75,122.0,96.0,126.0,122.0,115.0,120.0
gLH_sBM_cAll_d18_mLH3_ch10,gLH,sBM,cAll,d18,mLH3,ch10,110,[107. 115. 106.  77. 124. 144.  97. 102.  70.],[110. 105.  99.  82.  94. 125. 134. 124. 112.],104.67,109.44,107.05555555555556,70.0,82.0,124.0,106.0,110.0,106.5
gLO_sBM_cAll_d15_mLO4_ch10,gLO,sBM,cAll,d15,mLO4,ch10,120,[106. 122.  88.  94.  88.  92.  89. 103. 114.],[133.  70. 118. 123. 118. 122. 119. 123. 126.],99.56,116.89,108.22222222222223,88.0,118.0,88.0,94.0,122.0,116.0
gJS_sBM_cAll_d03_mJS5_ch09,gJS,sBM,cAll,d03,mJS5,ch09,130,[142. 144. 144. 111. 106. 144.  96. 110.],[ 75.  79.  89.  87.  76.  81. 102. 116.],124.62,88.12,106.375,144.0,75.0,144.0,126.5,84.0,104.0
gJS_sFM_cAll_d03_mJS0_ch01,gJS,sFM,cAll,d03,mJS0,ch01,80,"[116. 114. 109.  90.  73. 139. 128. 115. 122. 125. 110. 100. 134. 144.
 110. 102.  94.  70. 104.  94.  84.  78.  95.  93.  95.  99. 144. 144.
  87.  75.  70. 105.  70.  96. 108.  72.  75.  85.  82.  83. 106. 124.
  77.  89. 100. 106. 113.  70.]","[ 98. 100. 109. 125. 130.  73. 108.  93.  98.  99.  81.  78. 144. 136.
 130. 118.  75. 144. 144.  70.  80.  89.  70. 144. 144.  72.  79.  80.
  82.  80. 144. 104. 100. 108. 121. 127. 107.  94. 100.  99.  84.  89.
  95. 107. 144. 137. 112. 110.]",100.38,105.31,102.84375,70.0,144.0,144.0,99.5,100.0,100.0
gPO_sBM_cAll_d10_mPO1_ch09,gPO,sBM,cAll,d10,mPO1,ch09,90,[ 92.  91.  87.  86.  80.  72. 109.  88.  83.  86.  80.],[ 88.  93. 101. 111. 118.  70.  79.  83.  81. 124. 124.],86.73,97.45,92.0909090909091,80.0,124.0,80.0,86.0,93.0,87.5
gHO_sBM_cAll_d20_mHO1_ch03,gHO,sBM,cAll,d20,mHO1,ch03,115,[100. 100. 124. 144.  81.  84.  90.  95.  88.],[110. 113. 120. 118. 114. 113. 119. 117. 116.],100.67,115.56,108.11111111111111,100.0,113.0,100.0,95.0,116.0,113.0
gJS_sBM_cAll_d02_mJS0_ch05,gJS,sBM,cAll,d02,mJS0,ch05,80,[103. 114. 129. 126. 129. 128. 127. 136. 139. 101.  72. 144.  99.],[137. 128. 119. 113.  97.  77. 139. 133.  96.  70. 144. 118.  76.],119.0,111.31,115.15384615384616,129.0,70.0,128.0,127.0,118.0,122.5
gKR_sBM_cAll_d30_mKR2_ch10,gKR,sBM,cAll,d30,mKR2,ch10,100,[144. 128. 121. 126. 126.  84. 102.  93. 123. 123.],[124. 127. 127. 125. 122. 127. 127. 125.  83.  90.],117.0,117.7,117.35,123.0,127.0,127.0,123.0,125.0,124.5
gLO_sBM_cAll_d14_mLO4_ch04,gLO,sBM,cAll,d14,mLO4,ch04,120,[113. 113. 123.  98. 103.  99. 103. 119. 120.],[ 92. 111. 123. 116.  70.  70. 115.  70.  78.],110.11,93.89,102.0,103.0,70.0,70.0,113.0,92.0,107.0
gJS_sBM_cAll_d01_mJS3_ch07,gJS,sBM,cAll,d01,mJS3,ch07,110,[101. 100. 144.  81.  81.  78. 102. 113. 101.],[ 76.  82.  86.  87.  80.  82.  94. 106. 112.],100.11,89.44,94.77777777777777,81.0,82.0,81.0,101.0,86.0,90.5
gLH_sBM_cAll_d17_mLH1_ch08,gLH,sBM,cAll,d17,mLH1,ch08,90,[144. 144. 144. 102. 140.  94.  94.  70. 122.  94. 137.],[130. 140.  93.  91.  91.  92.  91.  88. 130.  98.  95.],116.82,103.55,110.18181818181819,94.0,91.0,91.0,122.0,93.0,96.5
gJS_sBM_cAll_d01_mJS2_ch04,gJS,sBM,cAll,d01,mJS2,ch04,100,[141. 144. 126. 144. 144.  70. 102. 100.  99.  94.],[ 70.  81.  96. 144. 130. 114. 107. 102.  90.  88.],116.4,102.2,109.3,144.0,70.0,144.0,114.0,99.0,102.0
gJS_sBM_cAll_d02_mJS5_ch09,gJS,sBM,cAll,d02,mJS5,ch09,130,[144. 144.  80.  76.  70.  70. 130. 127.],[ 80.  78.  79.  82.  82.  79.  70. 116.],105.12,83.25,94.1875,70.0,79.0,70.0,103.5,79.5,80.0
gBR_sBM_cAll_d06_mBR4_ch02,gBR,sBM,cAll,d06,mBR4,ch02,120,[ 72.  85. 117. 120. 120. 124. 120. 125.  97.],[ 93.  91.  89. 117. 135. 144. 107. 131. 144.],108.89,116.78,112.83333333333333,120.0,144.0,120.0,120.0,117.0,118.5
gLH_sFM_cAll_d17_mLH2_ch10,gLH,sFM,cAll,d17,mLH2,ch10,100,"[ 78.  88. 121.  72.  77.  85.  98.  88.  85. 144. 103.  90.  81.  70.
 126. 129. 100. 144. 143. 125. 104.  95.  98. 107.  96.  95.  95. 139.
 134. 109. 116. 125. 117. 107.  99.  86. 144. 144. 144.]","[131.  72.  87. 121. 132. 141. 104. 109. 127. 127. 126. 124.  98.  88.
 133. 125. 114.  92.  94.  97.  94. 106. 136. 144.  84.  91.  96. 108.
 107.  82. 144.  90.  93. 102.  96.  86. 143. 139. 144.]",107.72,110.95,109.33333333333333,144.0,144.0,144.0,103.0,107.0,105.0
gJS_sBM_cAll_d03_mJS2_ch06,gJS,sBM,cAll,d03,mJS2,ch06,100,[ 80.  71. 104. 114. 113.  98. 103.  97. 107.  72.],[110. 112. 107.  98.  98. 140. 128. 120. 104. 101.],95.9,111.8,103.85,71.0,98.0,98.0,100.5,108.5,104.0
gJS_sBM_cAll_d01_mJS0_ch01,gJS,sBM,cAll,d01,mJS0,ch01,80,[130. 130. 110. 126. 135. 135. 144. 100.  95.  98. 144.  74.  77.],[ 77. 144. 143.  70. 124.  70.  70. 123. 127. 144.  96.  73. 131.],115.23,107.08,111.15384615384616,130.0,70.0,144.0,126.0,123.0,123.5
gLO_sBM_cAll_d15_mLO5_ch10,gLO,sBM,cAll,d15,mLO5,ch10,130,[117.  99.  95.  98.  99. 129. 128. 115.],[136. 135. 131. 129. 132. 132. 126. 126.],110.0,130.88,120.4375,99.0,126.0,99.0,107.0,131.5,127.0
gJS_sBM_cAll_d02_mJS4_ch09,gJS,sBM,cAll,d02,mJS4,ch09,120,[144. 144. 138.  70. 143. 144. 144. 104. 106.],[129.  70.  78.  81.  74.  70.  73.  91. 140.],126.33,89.56,107.94444444444444,144.0,70.0,144.0,143.0,78.0,105.0
gWA_sFM_cAll_d26_mWA3_ch11,gWA,sFM,cAll,d26,mWA3,ch11,110,"[ 95.  95.  99. 102. 144.  87.  94. 130. 123. 119. 125. 125. 121.  77.
  72. 131. 135. 103. 128. 144.  70. 133. 137. 113. 106.  88. 140. 144.
  79.  75. 118.  90.  88.  88.  79.]","[111. 114. 107. 144.  70. 123. 107. 144. 143.  79.  83. 112.  94.  84.
  82.  77.  87.  96.  99.  94.  91. 104. 128. 122. 111. 111.  81.  71.
 113. 111. 102. 135. 118. 111. 131.]",108.49,105.43,106.95714285714286,88.0,111.0,111.0,106.0,107.0,107.0
gLH_sBM_cAll_d17_mLH1_ch10,gLH,sBM,cAll,d17,mLH1,ch10,90,[104.  94.  78.  79. 129. 136.  95.  98.  72. 119. 133.],[ 90.  92. 106. 144. 129. 116. 118. 125. 113. 119. 116.],103.36,115.27,109.31818181818181,72.0,116.0,116.0,98.0,116.0,114.5
gPO_sBM_cAll_d11_mPO1_ch06,gPO,sBM,cAll,d11,mPO1,ch06,90,[ 95. 100. 110.  91.  85.  74.  90. 107.  97.  93.  97.],[91. 93. 91. 93. 91. 91. 93. 87. 91. 92. 81.],94.45,90.36,92.4090909090909,97.0,91.0,91.0,95.0,91.0,91.5
gLO_sBM_cAll_d14_mLO1_ch08,gLO,sBM,cAll,d14,mLO1,ch08,90,[ 78.  82.  92.  91.  81. 115. 115.  82. 100.  92.  76.],[ 82. 125. 139. 139. 132. 134. 144. 123. 120. 144.  77.],91.27,123.55,107.4090909090909,82.0,139.0,82.0,91.0,132.0,107.5
gHO_sBM_cAll_d21_mHO4_ch01,gHO,sBM,cAll,d21,mHO4,ch01,130,[129. 129. 127. 125. 131. 131. 133. 131.],[106.  91. 127. 123. 133. 134. 105. 108.],129.5,115.88,122.6875,131.0,91.0,131.0,130.0,115.5,128.0
gHO_sBM_cAll_d19_mHO0_ch07,gHO,sBM,cAll,d19,mHO0,ch07,110,[ 73.  70. 106. 106. 110. 110. 108. 106. 106.],[111. 106. 105. 105. 108. 111. 108. 106. 105.],99.44,107.22,103.33333333333333,106.0,105.0,106.0,106.0,106.0,106.0
gJB_sBM_cAll_d09_mJB2_ch06,gJB,sBM,cAll,d09,mJB2,ch06,100,[ 99.  87.  85.  98. 144.  80.  79.  79. 102. 100.],[ 99.  95.  81.  76.  75.  81.  84.  95. 104. 104.],95.3,89.4,92.35,79.0,81.0,79.0,92.5,89.5,91.0
gMH_sBM_cAll_d24_mMH2_ch09,gMH,sBM,cAll,d24,mMH2,ch09,100,[106.  99.  97. 101. 100.  99. 100. 100.  99.  98.],[121. 127.  94. 104. 101. 101. 100.  94.  96. 109.],99.9,104.7,102.3,99.0,94.0,100.0,99.5,101.0,100.0
gPO_sBM_cAll_d10_mPO3_ch05,gPO,sBM,cAll,d10,mPO3,ch05,110,[ 92.  83.  83. 114. 113. 117.  87.  83.  70.],[ 90.  92.  98. 113.  70. 141. 103.  98.  91.],93.56,99.56,96.55555555555556,83.0,98.0,83.0,87.0,98.0,92.0
gJS_sBM_cAll_d01_mJS1_ch04,gJS,sBM,cAll,d01,mJS1,ch04,90,[ 90.  89.  95. 126. 131.  92.  90. 108.  93.  94. 105.],[120.  72.  90.  81. 125. 127. 102. 107.  79.  84.  82.],101.18,97.18,99.18181818181819,90.0,72.0,90.0,94.0,90.0,93.5
gWA_sFM_cAll_d25_mWA5_ch07,gWA,sFM,cAll,d25,mWA5,ch07,130,"[143. 141. 132. 141. 137. 133. 144. 144. 102.  91.  85.  90. 112. 144.
 107. 112. 114.  82. 101. 109.  91.  77.  73.  95.  93.  99. 127. 129.
 138. 141.]","[131.  71.  83. 103. 117. 113. 144. 138. 132.  83.  96. 128. 122. 123.
 134.  76. 143. 141. 117.  87.  87.  85.  84.  83.  98.  99. 114.  70.
  70.  74.]",114.23,104.87,109.55,141.0,83.0,141.0,112.0,101.0,110.5
gJS_sBM_cAll_d02_mJS1_ch10,gJS,sBM,cAll,d02,mJS1,ch10,90,[102. 106. 129. 139. 140. 129. 114.  96.  97. 109. 115.],[138. 131. 122. 117. 144.  77.  70.  95.  91.  84. 128.],116.0,108.82,112.4090909090909,129.0,70.0,129.0,114.0,117.0,114.5
gPO_sBM_cAll_d12_mPO2_ch03,gPO,sBM,cAll,d12,mPO2,ch03,100,[ 76.  90.  93.  87.  93. 100. 103. 103. 105. 113.],[ 96.  95.  96.  99. 105. 101.  99.  99. 101. 132.],96.3,102.3,99.3,93.0,99.0,99.0,96.5,99.0,99.0
gJS_sBM_cAll_d02_mJS5_ch05,gJS,sBM,cAll,d02,mJS5,ch05,130,[106. 119. 130.  70.  70. 134. 123. 121.],[144. 144. 144. 144. 144. 106. 106. 118.],109.12,131.25,120.1875,70.0,144.0,144.0,120.0,144.0,122.0
gHO_sBM_cAll_d19_mHO2_ch09,gHO,sBM,cAll,d19,mHO2,ch09,120,[120. 125. 127. 121. 118. 120. 122. 128. 144.],[116. 119. 119. 121. 123. 121. 121. 123. 124.],125.0,120.78,122.88888888888889,120.0,121.0,121.0,122.0,121.0,121.0
gJS_sBM_cAll_d02_mJS1_ch06,gJS,sBM,cAll,d02,mJS1,ch06,90,[127.  82.  76.  83.  93. 144.  71. 144. 101.  96.  88.],[109. 104. 104. 122. 119. 120. 118. 117. 124.  70. 121.],100.45,111.64,106.04545454545455,144.0,104.0,104.0,93.0,118.0,106.5
gBR_sBM_cAll_d05_mBR0_ch09,gBR,sBM,cAll,d05,mBR0,ch09,80,[119. 118. 126.  75. 121. 124. 118. 126. 132.  82.  73.  71.  73.],[106. 106. 107.  96.  94. 108.  97.  92. 113. 129.  94. 102. 108.],104.46,104.0,104.23076923076923,73.0,94.0,73.0,118.0,106.0,106.5
gMH_sBM_cAll_d23_mMH5_ch06,gMH,sBM,cAll,d23,mMH5,ch06,130,[ 82.  88.  90.  90.  93.  91.  82. 135.],[ 72. 123.  99. 131. 125. 126.  98. 110.],93.88,110.5,102.1875,82.0,72.0,82.0,90.0,116.5,95.5
gJS_sBM_cAll_d02_mJS4_ch02,gJS,sBM,cAll,d02,mJS4,ch02,120,[109.  99.  99. 116. 117.  78.  74.  70. 138.],[130. 134. 144.  71. 144. 142.  70.  70. 126.],100.0,114.56,107.27777777777777,99.0,70.0,70.0,99.0,130.0,112.5
gHO_sBM_cAll_d19_mHO0_ch03,gHO,sBM,cAll,d19,mHO0,ch03,110,[ 85.  81.  76.  85.  96. 112. 112. 111. 104.],[100. 102. 113. 110. 109. 111. 106. 109. 109.],95.78,107.67,101.72222222222223,85.0,109.0,109.0,96.0,109.0,107.5
gJB_sBM_cAll_d07_mJB0_ch07,gJB,sBM,cAll,d07,mJB0,ch07,80,[ 83.  87. 107.  71. 138. 135. 127. 124. 117. 125. 124.  77.  83.],[ 82. 105. 117.  70.  70. 107. 144. 138.  98.  95.  98.  80.  73.],107.54,98.23,102.88461538461539,83.0,70.0,70.0,117.0,98.0,101.5
gBR_sBM_cAll_d06_mBR3_ch02,gBR,sBM,cAll,d06,mBR3,ch02,110,[124.  70. 108. 109. 108. 114. 107. 112. 120.],[144. 144.  84.  83.  84. 144. 144. 129. 144.],108.0,122.22,115.11111111111111,108.0,144.0,144.0,109.0,144.0,113.0
gBR_sBM_cAll_d05_mBR4_ch02,gBR,sBM,cAll,d05,mBR4,ch02,120,[ 75.  87.  92.  87.  92.  86.  85.  95. 103.],[ 93.  89.  89.  90.  70. 118. 141. 143. 136.],89.11,107.67,98.38888888888889,87.0,89.0,87.0,87.0,93.0,91.0
gLH_sBM_cAll_d16_mLH1_ch02,gLH,sBM,cAll,d16,mLH1,ch02,90,[126. 108.  84. 123.  97.  85.  96.  85.  87. 103. 103.],[ 72. 144. 127. 127.  90.  92.  88.  95.  90.  86.  76.],99.73,98.82,99.27272727272727,85.0,90.0,85.0,97.0,90.0,93.5
gJB_sBM_cAll_d09_mJB4_ch03,gJB,sBM,cAll,d09,mJB4,ch03,120,[133. 134. 133. 122. 115. 113. 100.  98. 100.],[128. 128. 129. 120. 116. 118. 106.  80.  72.],116.44,110.78,113.61111111111111,100.0,128.0,100.0,115.0,118.0,117.0
gJB_sFM_cAll_d09_mJB4_ch19,gJB,sFM,cAll,d09,mJB4,ch19,120,"[144. 141.  99. 144.  78. 112.  70.  80.  84.  81. 105. 106. 102.  94.
  89.  99. 107. 114. 113. 107. 113. 107. 100. 105. 136. 136. 130. 125.
 124. 110.  98.  84.]","[ 98. 102. 115. 115.  99.  87.  85.  72. 113.  93.  92. 144. 123. 113.
 109. 109.  75.  75.  80. 144. 105. 108.  93. 144. 143.  70.  70. 138.
 122. 125. 131. 136.]",107.41,107.12,107.265625,107.0,144.0,144.0,106.5,108.5,107.0
gMH_sBM_cAll_d24_mMH5_ch01,gMH,sBM,cAll,d24,mMH5,ch01,130,[118. 134. 139. 127. 126. 133. 143. 144.],[131. 127. 133. 139. 124. 125. 136. 139.],133.0,131.75,132.375,118.0,139.0,139.0,133.5,132.0,133.0
gPO_sFM_cAll_d11_mPO2_ch14,gPO,sFM,cAll,d11,mPO2,ch14,100,"[124. 120.  86.  81.  76. 133. 116. 115. 139. 104.  90. 132. 133.  70.
  70. 109. 144.  70.  74.  95. 135. 134. 119. 112. 116.  75.  76. 137.
 124. 111. 114. 109. 100.  98.  92.  92.  85.  79.  77.]","[112. 111. 107.  80.  76. 144. 114. 110. 102.  91. 144. 107. 115.  90.
 120. 140. 132. 118. 101.  91.  88.  93. 114.  89.  89. 144. 100. 110.
 119.  70. 131. 116. 105. 102. 129. 115. 109.  70.  82.]",104.26,107.18,105.71794871794872,70.0,144.0,70.0,109.0,109.0,109.0
gPO_sBM_cAll_d12_mPO3_ch03,gPO,sBM,cAll,d12,mPO3,ch03,110,[127. 118. 109. 106. 110. 116. 135. 105. 125.],[105. 107. 105. 113. 116. 110. 106.  93.  77.],116.78,103.56,110.16666666666667,105.0,105.0,105.0,116.0,106.0,109.5
gWA_sBM_cAll_d27_mWA2_ch01,gWA,sBM,cAll,d27,mWA2,ch01,100,[137. 144. 143. 140. 139. 142.  92. 117. 118. 109.],[100.  91.  72.  75.  96. 112. 112. 115. 131. 133.],128.1,103.7,115.9,92.0,112.0,112.0,138.0,106.0,116.0
gPO_sBM_cAll_d12_mPO5_ch07,gPO,sBM,cAll,d12,mPO5,ch07,130,[126. 125. 128. 132. 126. 112.  94.  84.],[104. 109. 127. 122.  80. 144. 130. 102.],115.88,114.75,115.3125,126.0,80.0,126.0,125.5,115.5,123.5
gJS_sFM_cAll_d03_mJS5_ch14,gJS,sFM,cAll,d03,mJS5,ch14,130,"[108. 112.  99.  84.  70. 112. 119.  86.  80.  70. 111. 125. 124.  70.
 102. 112. 112. 106.  95. 100. 114. 118. 121. 115. 116. 119. 106. 131.
 127. 116.]","[118.  70.  95. 144. 144.  71. 136.  87.  88.  87. 104. 107. 144. 100.
 104.  75. 144. 140. 106. 115. 118. 105.  88.  81.  88. 105. 138.  91.
 111. 112.]",106.0,107.2,106.6,112.0,144.0,112.0,112.0,105.0,107.5
gJS_sBM_cAll_d03_mJS5_ch10,gJS,sBM,cAll,d03,mJS5,ch10,130,[106. 103.  98. 140. 142. 139. 123. 116.],[ 96.  91. 127.  86.  90.  94.  89.  95.],120.88,96.0,108.4375,98.0,86.0,86.0,119.5,92.5,100.5
gMH_sBM_cAll_d23_mMH0_ch06,gMH,sBM,cAll,d23,mMH0,ch06,80,[144. 123. 112.  93. 134. 125. 112. 121. 133. 129. 118. 121. 144.],[85. 83. 83. 83. 80. 78. 81. 81. 79. 81. 81. 81. 82.],123.77,81.38,102.57692307692308,112.0,81.0,81.0,123.0,81.0,89.0
gJS_sBM_cAll_d01_mJS3_ch09,gJS,sBM,cAll,d01,mJS3,ch09,110,[103. 107. 105. 100. 103.  95. 104. 101.  93.],[ 93.  97. 102.  92.  94.  90.  95.  91.  79.],101.22,92.56,96.88888888888889,103.0,79.0,93.0,103.0,93.0,96.0
gKR_sBM_cAll_d28_mKR0_ch01,gKR,sBM,cAll,d28,mKR0,ch01,80,[131.  70. 144. 141. 131. 124. 120. 110. 115. 121.  70.  77.  90.],[113. 125.  82. 117. 124.  82. 120. 123. 120. 123. 124. 120. 108.],111.08,113.92,112.5,70.0,120.0,120.0,120.0,120.0,120.0
gPO_sBM_cAll_d11_mPO0_ch03,gPO,sBM,cAll,d11,mPO0,ch03,80,[ 86.  85.  81.  85.  83.  88. 124. 144.  76.  83.  83.  85.  90.],[84. 87. 80. 83. 85. 84. 83. 80. 72. 78. 85. 82. 82.],91.77,81.92,86.84615384615384,83.0,80.0,83.0,85.0,83.0,83.5
gLH_sFM_cAll_d18_mLH2_ch17,gLH,sFM,cAll,d18,mLH2,ch17,100,"[105. 104. 123.  70.  81.  85.  79. 127.  70.  95. 102.  70. 133. 143.
  95. 102.  70.  86.  82. 120. 112.  98.  90. 138. 144. 141. 119.  99.
 136.  86.  94. 101. 102. 100. 109. 122. 126. 118. 112.]","[124.  70.  98.  92.  82.  90.  97.  85.  75.  76. 104. 144.  91.  98.
  98.  95.  70. 130. 139. 139.  79.  70.  72. 144. 142. 127.  92.  84.
 131. 118. 117. 119. 141. 138.  91.  81.  84. 102. 113.]",104.85,103.64,104.24358974358974,70.0,70.0,70.0,102.0,98.0,100.5
gPO_sFM_cAll_d11_mPO1_ch09,gPO,sFM,cAll,d11,mPO1,ch09,90,"[ 71.  70. 125. 130. 144.  93.  93. 102. 103. 115. 132.  84.  85. 123.
 105.  85.  73. 141. 123. 114. 103. 103. 110. 103.  99. 104.  92. 137.
 138.  99. 102. 100. 104. 102. 108. 121.  80. 144. 144. 142. 119. 110.
 144.]","[109. 116. 124.  92.  88.  88.  93.  83.  70. 119. 123. 121. 101. 144.
  85.  93. 107. 116. 103. 101. 144. 144. 104. 136. 144.  98.  97.  85.
  90. 116. 123. 115. 109. 100.  98. 117. 118. 114. 144. 144.  93.  96.
 101.]",109.74,109.44,109.59302325581395,103.0,144.0,144.0,104.0,107.0,104.5
gBR_sBM_cAll_d06_mBR4_ch06,gBR,sBM,cAll,d06,mBR4,ch06,120,[ 77.  70. 144. 144.  92. 144. 144. 126. 113.],[106.  99.  92.  92.  90.  90.  89.  98.  98.],117.11,94.89,106.0,144.0,90.0,144.0,126.0,92.0,98.0
gKR_sFM_cAll_d30_mKR3_ch21,gKR,sFM,cAll,d30,mKR3,ch21,110,"[ 90.  83.  70. 103. 104. 144. 142.  97. 102. 105. 102. 108. 109.  87.
  95. 108. 122. 141.  87.  70. 115. 120. 116. 120. 123. 113. 125. 129.
 116. 103. 144. 127. 115. 115. 119.]","[116. 127. 143. 141. 144. 129. 129. 128. 122. 114. 109. 114. 119. 137.
  83. 100. 129. 113. 100.  99.  95.  95.  80.  76.  85. 138. 140. 104.
  97.  99. 100. 104. 125. 144. 108.]",110.54,113.89,112.21428571428571,115.0,100.0,129.0,113.0,114.0,113.5
gLO_sBM_cAll_d15_mLO2_ch04,gLO,sBM,cAll,d15,mLO2,ch04,100,[ 97. 115. 120. 101. 108. 109.  96.  99.  92.  83.],[ 73.  84.  82.  90.  96. 101. 144.  92. 102. 144.],102.0,100.8,101.4,83.0,144.0,92.0,100.0,94.0,98.0
gHO_sBM_cAll_d20_mHO1_ch02,gHO,sBM,cAll,d20,mHO1,ch02,115,[128. 123. 116. 114. 116. 119. 118. 112. 105.],[104. 110. 114. 118. 118. 116. 116. 114. 110.],116.78,113.33,115.05555555555556,116.0,110.0,116.0,116.0,114.0,116.0
gWA_sBM_cAll_d25_mWA0_ch07,gWA,sBM,cAll,d25,mWA0,ch07,80,[103. 110.  70. 142. 144. 144. 115. 129. 136. 129. 118. 126. 136.],[144.  91.  85. 144. 144. 116. 124.  91. 116. 144.  94.  84.  72.],123.23,111.46,117.34615384615384,129.0,144.0,144.0,129.0,116.0,121.0
gLO_sBM_cAll_d15_mLO3_ch02,gLO,sBM,cAll,d15,mLO3,ch02,110,[126.  95.  94.  97. 144.  84.  84. 144. 140.],[ 86. 128. 116. 132. 140. 144. 109. 119. 128.],112.0,122.44,117.22222222222223,84.0,128.0,144.0,97.0,128.0,122.5
gHO_sBM_cAll_d19_mHO2_ch07,gHO,sBM,cAll,d19,mHO2,ch07,120,[ 73.  70. 123. 124. 120. 118. 119. 120.  72.],[125. 126. 128. 122. 120. 117. 116. 117. 118.],104.33,121.0,112.66666666666667,120.0,117.0,120.0,119.0,120.0,119.5
gLO_sBM_cAll_d14_mLO0_ch07,gLO,sBM,cAll,d14,mLO0,ch07,80,[133. 122. 114. 112. 105. 115. 103.  81.  77. 124. 144. 144.  71.],[129. 136. 131. 138.  77.  85. 144.  87. 144. 144. 121. 128. 124.],111.15,122.15,116.65384615384616,144.0,144.0,144.0,114.0,129.0,123.0
gMH_sBM_cAll_d24_mMH5_ch09,gMH,sBM,cAll,d24,mMH5,ch09,130,[126. 130. 130. 127. 127. 130. 130. 134.],[128. 129. 128. 129. 127. 129. 131. 128.],129.25,128.62,128.9375,130.0,128.0,130.0,130.0,128.5,129.0
gPO_sBM_cAll_d11_mPO0_ch02,gPO,sBM,cAll,d11,mPO0,ch02,80,[ 86.  71. 116. 117.  73.  82.  85.  70. 110. 113. 126. 144.  75.],[106.  89.  87.  86.  78.  77.  82.  80.  80.  85.  76. 130. 131.],97.54,91.31,94.42307692307692,70.0,80.0,80.0,86.0,85.0,85.5
gBR_sBM_cAll_d06_mBR5_ch03,gBR,sBM,cAll,d06,mBR5,ch03,130,[144. 131. 133. 131. 127. 131. 140. 144.],[136. 132. 130. 131. 131. 132. 129. 125.],135.12,130.75,132.9375,131.0,131.0,131.0,132.0,131.0,131.0
gKR_sBM_cAll_d28_mKR3_ch07,gKR,sBM,cAll,d28,mKR3,ch07,110,[144. 144.  97.  73.  75. 124. 144. 110. 123.],[144. 110. 102. 102. 108. 105. 105. 107. 102.],114.89,109.44,112.16666666666667,144.0,102.0,144.0,123.0,105.0,107.5
gLH_sBM_cAll_d18_mLH4_ch04,gLH,sBM,cAll,d18,mLH4,ch04,120,[138.  77. 106. 119. 136.  93. 101. 106. 106.],[114. 113. 114. 113. 115. 119.  70.  93. 112.],109.11,107.0,108.05555555555556,106.0,113.0,106.0,106.0,113.0,112.5
gJS_sBM_cAll_d02_mJS1_ch01,gJS,sBM,cAll,d02,mJS1,ch01,90,[138.  72.  83.  86.  95.  99.  90.  83. 131. 142. 144.],[ 84.  92.  98.  74.  70.  73.  81.  81.  72. 119. 111.],105.73,86.82,96.27272727272727,83.0,81.0,72.0,95.0,81.0,88.0
gHO_sBM_cAll_d21_mHO4_ch08,gHO,sBM,cAll,d21,mHO4,ch08,130,[ 99.  91. 131.  97.  99.  97.  99.  96.],[125. 127. 134. 132.  97.  98. 131. 119.],101.12,120.38,110.75,99.0,97.0,97.0,98.0,126.0,99.0
gWA_sBM_cAll_d26_mWA4_ch06,gWA,sBM,cAll,d26,mWA4,ch06,120,[118. 122.  73.  79. 130. 128. 130.  77.  78.],[ 94.  95.  96. 100.  93. 126. 124. 133. 132.],103.89,110.33,107.11111111111111,130.0,93.0,130.0,118.0,100.0,109.0
gHO_sBM_cAll_d21_mHO2_ch10,gHO,sBM,cAll,d21,mHO2,ch10,120,[133. 126. 121. 114.  70. 144. 144. 137. 138.],[112. 117. 122. 116. 144. 114. 125. 116. 115.],125.22,120.11,122.66666666666667,144.0,116.0,144.0,133.0,116.0,121.5
gKR_sBM_cAll_d30_mKR3_ch02,gKR,sBM,cAll,d30,mKR3,ch02,110,[136.  70. 109. 111. 115. 105. 108.  93.  92.],[113. 111. 110. 116. 116.  87.  78.  70.  72.],104.33,97.0,100.66666666666667,70.0,116.0,70.0,108.0,110.0,108.5
gBR_sBM_cAll_d06_mBR5_ch09,gBR,sBM,cAll,d06,mBR5,ch09,130,[ 77.  70. 123. 124.  70.  70. 122. 120.],[114.  70.  92.  95. 134.  70.  74.  75.],97.0,90.5,93.75,70.0,70.0,70.0,98.5,83.5,84.5
gWA_sBM_cAll_d27_mWA5_ch05,gWA,sBM,cAll,d27,mWA5,ch05,130,[140. 143. 124. 126.  90.  79. 113. 111.],[ 91.  89.  89.  89. 139. 137. 117. 115.],115.75,108.25,112.0,79.0,89.0,89.0,118.5,103.0,114.0
gPO_sBM_cAll_d12_mPO5_ch09,gPO,sBM,cAll,d12,mPO5,ch09,130,[130. 129. 115. 108. 144. 130. 100.  91.],[126. 121. 117. 118. 113. 111. 115. 127.],118.38,118.5,118.4375,130.0,111.0,115.0,122.0,117.5,117.5
gHO_sFM_cAll_d19_mHO5_ch06,gHO,sFM,cAll,d19,mHO5,ch06,135,"[138. 138. 144. 101. 102.  70.  79.  95. 103. 126. 142. 142. 132.  89.
  79.  87. 101. 110. 112.  71.  75.  91.  92.  81.  75.  71. 142. 109.
 110.]","[141. 137. 132. 127. 135. 135. 129. 138. 100. 108.  84. 144. 138. 143.
 103.  93. 126. 108. 107. 123.  86.  80. 144.  86. 131. 136. 129. 110.
  96.]",103.69,118.93,111.3103448275862,142.0,86.0,138.0,101.0,127.0,109.5
gJB_sBM_cAll_d09_mJB4_ch06,gJB,sBM,cAll,d09,mJB4,ch06,120,[115. 105. 107. 115. 141. 116. 111.  96.  82.],[ 70.  71.  70. 144. 122. 108. 102. 107. 112.],109.78,100.67,105.22222222222223,115.0,70.0,70.0,111.0,107.0,107.5
gLO_sBM_cAll_d13_mLO0_ch01,gLO,sBM,cAll,d13,mLO0,ch01,80,[107. 106. 114. 124. 131. 132.  91. 103. 109. 116. 111. 102. 101.],[ 73. 123. 119. 110.  98.  99. 105.  91.  93. 125. 140. 144. 144.],111.31,112.62,111.96153846153847,91.0,144.0,91.0,109.0,110.0,109.5
gMH_sBM_cAll_d24_mMH4_ch07,gMH,sBM,cAll,d24,mMH4,ch07,120,[ 79. 133. 115.  76.  78.  78. 126. 118. 107.],[129. 122. 118. 120. 121. 121. 119. 110. 101.],101.11,117.89,109.5,78.0,121.0,78.0,107.0,120.0,118.0
gBR_sBM_cAll_d04_mBR2_ch04,gBR,sBM,cAll,d04,mBR2,ch04,100,[100. 101.  98.  98.  99. 100. 107. 103.  99.  95.],[101. 103. 103.  98. 102. 102. 104. 103.  97.  91.],100.0,100.4,100.2,98.0,103.0,103.0,99.5,102.0,100.5
gJS_sBM_cAll_d02_mJS5_ch04,gJS,sBM,cAll,d02,mJS5,ch04,130,[ 97.  97. 144.  89.  93.  78.  70. 136.],[90. 85. 78. 77. 81. 85. 76. 74.],100.5,80.75,90.625,97.0,85.0,78.0,95.0,79.5,85.0
gBR_sBM_cAll_d06_mBR3_ch05,gBR,sBM,cAll,d06,mBR3,ch05,110,[ 90.  83. 144. 114. 109. 113. 121.  84.  92.],[ 99. 106. 111. 111. 144. 132. 118. 112. 111.],105.56,116.0,110.77777777777777,83.0,111.0,111.0,109.0,111.0,111.0
gLO_sBM_cAll_d13_mLO1_ch03,gLO,sBM,cAll,d13,mLO1,ch03,90,[ 95.  89.  89. 114. 113. 120. 129.  89.  82. 127. 128.],[104. 113. 132.  80.  80.  85. 144. 144.  70. 116. 121.],106.82,108.09,107.45454545454545,89.0,80.0,89.0,113.0,113.0,113.0
gJS_sBM_cAll_d01_mJS0_ch06,gJS,sBM,cAll,d01,mJS0,ch06,80,[103. 144. 130. 128. 123. 106. 102. 107. 105.  94. 135. 125. 118.],[124. 114.  92.  87.  88.  87.  91.  80.  80.  81.  82.  92. 106.],116.92,92.62,104.76923076923077,94.0,80.0,80.0,118.0,88.0,104.0
gKR_sBM_cAll_d30_mKR5_ch10,gKR,sBM,cAll,d30,mKR5,ch10,130,[ 79.  84. 144.  97. 100.  99. 144. 142.],[107. 125. 127. 125. 144.  70.  70.  70.],111.12,104.75,107.9375,144.0,70.0,70.0,99.5,116.0,103.5
gMH_sBM_cAll_d24_mMH4_ch10,gMH,sBM,cAll,d24,mMH4,ch10,120,[140. 131. 117. 118. 125. 120. 121. 121. 120.],[121. 121. 120. 119. 119. 120. 121. 117. 113.],123.67,119.0,121.33333333333333,120.0,121.0,121.0,121.0,120.0,120.0
gWA_sBM_cAll_d25_mWA3_ch04,gWA,sBM,cAll,d25,mWA3,ch04,110,[133. 130. 122.  70. 134. 113. 109. 107. 137.],[120. 118. 121.  99. 102. 113. 112. 104.  97.],117.22,109.56,113.38888888888889,70.0,97.0,113.0,122.0,112.0,113.0
gJS_sBM_cAll_d01_mJS2_ch02,gJS,sBM,cAll,d01,mJS2,ch02,100,[138. 126. 126.  70.  75. 116.  70.  82. 123. 119.],[108.  99.  88.  72.  75. 103. 105.  93. 141. 122.],104.5,100.6,102.55,70.0,72.0,70.0,117.5,101.0,104.0
gHO_sBM_cAll_d20_mHO1_ch01,gHO,sBM,cAll,d20,mHO1,ch01,115,[144. 144. 144. 116. 110. 144. 143. 144.  81.],[110. 115. 118. 115. 119. 113. 117. 115. 109.],130.0,114.56,122.27777777777777,144.0,115.0,144.0,144.0,115.0,116.5
gLH_sBM_cAll_d18_mLH3_ch08,gLH,sBM,cAll,d18,mLH3,ch08,110,[ 82. 139. 129. 103.  76. 144. 107.  70.  77.],[126. 125. 135.  73. 103. 112. 139. 107. 107.],103.0,114.11,108.55555555555556,70.0,107.0,107.0,103.0,112.0,107.0
gWA_sBM_cAll_d26_mWA0_ch05,gWA,sBM,cAll,d26,mWA0,ch05,80,[ 86.  83.  82.  72. 118. 119. 119.  84.  89. 104. 108. 122. 131.],[ 80.  76. 133. 105.  96. 109. 116. 113. 102. 101. 126. 139. 144.],101.31,110.77,106.03846153846153,119.0,76.0,119.0,104.0,109.0,106.5
gPO_sBM_cAll_d12_mPO3_ch10,gPO,sBM,cAll,d12,mPO3,ch10,110,[ 82.  97. 109. 103.  93.  86. 144. 120. 125.],[118. 105.  96.  95. 100. 100.  93.  91.  88.],106.56,98.44,102.5,82.0,100.0,93.0,103.0,96.0,98.5
gMH_sBM_cAll_d23_mMH0_ch10,gMH,sBM,cAll,d23,mMH0,ch10,80,[ 90.  84.  79.  80.  80.  78.  80.  82.  79.  81.  84.  91. 101.],[ 81.  82.  81.  79.  80.  81.  79.  80.  80.  81.  83. 144. 134.],83.77,89.62,86.6923076923077,80.0,81.0,80.0,81.0,81.0,81.0
gMH_sBM_cAll_d23_mMH1_ch09,gMH,sBM,cAll,d23,mMH1,ch09,90,[130. 115.  92.  92.  92.  88.  91.  98. 143. 139. 127.],[97. 95. 93. 91. 89. 89. 89. 90. 91. 87. 82.],109.73,90.27,100.0,92.0,89.0,89.0,98.0,90.0,92.0
gWA_sBM_cAll_d27_mWA4_ch06,gWA,sBM,cAll,d27,mWA4,ch06,120,[123. 122. 101.  96. 102. 110. 121. 135.  77.],[136.  77. 116. 124. 117. 117. 107. 144.  73.],109.67,112.33,111.0,77.0,117.0,77.0,110.0,117.0,116.5
gWA_sFM_cAll_d25_mWA2_ch03,gWA,sFM,cAll,d25,mWA2,ch03,100,"[141. 141. 139. 132. 130. 114.  96.  97. 114. 105.  78.  70.  86.  89.
 144.  96. 102. 111. 144. 144.  99.  84.  74.  83.  88. 125. 113.  98.
 140. 138. 144. 144. 141. 131. 125. 124. 123. 108. 106.]","[143. 138.  84.  85.  72.  70.  75.  88. 104.  95.  74. 143. 135.  79.
  72. 133. 136. 138. 131. 125. 109. 109. 117. 112. 114. 109.  91.  83.
  83.  87.  94.  90.  89. 126. 127.  79.  74.  86.  94.]",114.38,102.38,108.38461538461539,144.0,109.0,144.0,114.0,94.0,108.5
gWA_sBM_cAll_d26_mWA0_ch10,gWA,sBM,cAll,d26,mWA0,ch10,80,[117. 108.  98.  88. 125.  72.  75.  75.  81. 110. 111.  93.  90.],[ 90. 105. 107.  95. 114. 112. 107. 100.  92. 115. 105.  97.  90.],95.62,102.23,98.92307692307692,75.0,90.0,90.0,93.0,105.0,99.0
gWA_sFM_cAll_d27_mWA3_ch18,gWA,sFM,cAll,d27,mWA3,ch18,110,"[144. 144. 144. 144. 139. 135. 144. 144. 144.  95.  97.  95. 108. 113.
 133. 138. 137. 131. 144. 144. 144. 144.  85. 123. 134. 144.  89.  96.
 113. 127. 116. 119. 135.  73.  71.]","[116. 110. 109. 108. 104. 114.  79.  87.  89.  91.  83.  71. 104. 102.
 100.  87.  83. 144. 124. 111. 108. 108. 112. 105.  87.  79.  79.  83.
  85. 103. 123. 115. 100. 102. 102.]",123.71,100.2,111.95714285714286,144.0,79.0,144.0,134.0,102.0,109.5
gPO_sBM_cAll_d12_mPO3_ch01,gPO,sBM,cAll,d12,mPO3,ch01,110,[144. 141. 140. 137. 117. 116. 110. 113. 128.],[106. 107. 112. 108. 110. 112. 108. 115. 117.],127.33,110.56,118.94444444444444,110.0,108.0,108.0,128.0,110.0,114.0
gMH_sFM_cAll_d24_mMH2_ch17,gMH,sFM,cAll,d24,mMH2,ch17,100,"[144.  81. 120. 124. 130.  88.  88. 127. 128.  99. 106.  74.  79.  71.
 113.  98.  95. 101. 109.  75.  74.  93. 106. 127.  94. 101.  98.  88.
  85. 102. 104. 141. 140. 136.  82. 103. 102. 127. 125.]","[129. 111. 105. 115. 116.  84.  98.  97.  93. 119. 103.  99. 100. 106.
 104. 100.  97. 106. 106.  97.  89.  90. 101. 101. 144. 139. 115. 117.
  85.  79.  77.  82.  89. 109. 143.  81.  77.  89. 144.]",104.56,103.49,104.02564102564102,88.0,89.0,106.0,102.0,101.0,101.0
gWA_sBM_cAll_d27_mWA3_ch09,gWA,sBM,cAll,d27,mWA3,ch09,110,[ 84.  73.  70. 132. 126. 132.  82.  74.  74.],[142. 144.  77.  70. 144. 106. 109.  94.  88.],94.11,108.22,101.16666666666667,74.0,144.0,70.0,82.0,106.0,91.0
gJB_sFM_cAll_d08_mJB5_ch13,gJB,sFM,cAll,d08,mJB5,ch13,130,"[ 72.  72.  70. 113.  99.  89. 130. 129. 123.  70. 141. 136. 127.  80.
  84.  76.  72. 106.  70. 135. 127. 121.  75. 138. 142. 136. 132. 117.
 121.  70.]","[ 99. 106. 116.  71.  86.  93.  92.  85.  72. 127. 137. 142. 142. 123.
  85.  70.  70.  71. 103. 106. 116.  73. 144. 143.  85.  82.  73.  70.
 120. 127.]",105.77,100.97,103.36666666666666,70.0,70.0,70.0,115.0,96.0,104.5
gLO_sBM_cAll_d15_mLO2_ch09,gLO,sBM,cAll,d15,mLO2,ch09,100,[ 78.  71.  77.  81.  73.  77. 133. 123. 118. 114.],[109.  97. 101. 109.  99.  87. 129. 117. 114. 112.],94.5,107.4,100.95,77.0,109.0,77.0,79.5,109.0,105.0
gPO_sBM_cAll_d12_mPO3_ch05,gPO,sBM,cAll,d12,mPO3,ch05,110,[ 91.  94.  99.  96. 138. 144. 109.  72.  78.],[142. 138.  95. 116. 116. 104. 111. 112. 118.],102.33,116.89,109.61111111111111,72.0,116.0,116.0,96.0,116.0,110.0
gJB_sBM_cAll_d09_mJB2_ch07,gJB,sBM,cAll,d09,mJB2,ch07,100,[100. 104. 116. 123. 139. 130.  97.  96. 111. 120.],[115. 113. 105.  99. 137. 137.  86.  88.  83.  74.],113.6,103.7,108.65,96.0,137.0,137.0,113.5,102.0,108.0
gLO_sFM_cAll_d13_mLO5_ch06,gLO,sFM,cAll,d13,mLO5,ch06,130,"[115. 102. 140. 136. 138. 129. 135. 133. 123. 123. 129. 127. 116. 121.
  82.  92.  85.  98. 109. 121. 121. 109. 114. 121.  83.  74.  82.  96.
 102. 113.]","[126. 123.  74. 130. 136. 139. 133. 131. 119. 125. 130. 120.  77. 144.
 113.  70.  86. 127. 127. 125. 113.  99.  93. 101.  91. 102.  96. 102.
 106. 110.]",112.3,112.27,112.28333333333333,121.0,102.0,102.0,115.5,116.0,115.5
gWA_sBM_cAll_d25_mWA0_ch02,gWA,sBM,cAll,d25,mWA0,ch02,80,[ 90.  88.  77. 113. 116. 121. 118. 124. 104. 116. 125. 138. 143.],[116. 123. 113. 100. 104. 120. 116. 117. 105.  92.  94. 108. 105.],113.31,108.69,111.0,116.0,105.0,116.0,116.0,108.0,114.5
gBR_sBM_cAll_d05_mBR0_ch04,gBR,sBM,cAll,d05,mBR0,ch04,80,[ 93.  98. 103. 104.  99.  86. 141. 142. 110.  70. 131. 124. 117.],[ 76.  84.  87.  76.  80.  85. 144. 144.  84.  75.  85.  95. 111.],109.08,94.31,101.6923076923077,70.0,76.0,76.0,104.0,85.0,96.5
gMH_sBM_cAll_d22_mMH3_ch02,gMH,sBM,cAll,d22,mMH3,ch02,110,[142. 141.  96.  70.  74.  70. 144.  96.  86.],[135.  86.  90.  82.  73. 136. 137.  85.  93.],102.11,101.89,102.0,70.0,73.0,70.0,96.0,90.0,91.5
gJB_sBM_cAll_d07_mJB0_ch02,gJB,sBM,cAll,d07,mJB0,ch02,80,[144. 144.  96.  96.  94. 132. 111.  71. 107. 108. 118. 120. 119.],[101.  96.  93.  95. 114. 144. 144. 108. 113. 108.  94.  90.  95.],112.31,107.31,109.8076923076923,96.0,95.0,144.0,111.0,101.0,108.0
gWA_sBM_cAll_d27_mWA5_ch03,gWA,sBM,cAll,d27,mWA5,ch03,130,[101. 110. 144. 107. 113. 108. 104. 104.],[138. 133. 129.  72.  71.  70.  75.  85.],111.38,96.62,104.0,104.0,70.0,104.0,107.5,80.0,105.5
gKR_sBM_cAll_d30_mKR2_ch06,gKR,sBM,cAll,d30,mKR2,ch06,100,[126. 116. 102. 103. 100. 103. 138. 144. 110.  70.],[107. 104. 100. 101. 101. 101. 103. 101. 100.  97.],111.2,101.5,106.35,103.0,101.0,101.0,106.5,101.0,102.5
gJS_sBM_cAll_d02_mJS1_ch04,gJS,sBM,cAll,d02,mJS1,ch04,90,[103.  93.  87.  81.  83. 134.  73.  82.  83.  89. 105.],[84. 77. 70. 82. 83. 70. 70. 82. 86. 87. 85.],92.09,79.64,85.86363636363636,83.0,70.0,70.0,87.0,82.0,83.0
gBR_sFM_cAll_d05_mBR1_ch08,gBR,sFM,cAll,d05,mBR1,ch08,90,"[ 73.  71.  70.  99. 135. 142.  82.  72.  84.  89.  90.  89.  92.  83.
  78.  87.  85.  84.  87. 124. 110. 100.  89.  95. 106. 109.  86.  83.
  92. 100.  96.  93.  91.  93.  94.  91. 144.  95.  98. 110. 143. 136.
 138.]","[ 93.  94. 144.  92.  85.  93.  94.  76.  73. 101.  81.  83.  91.  89.
  98.  96. 142.  87. 114. 112. 104.  88.  97.  74.  92. 119.  90.  90.
  88.  92.  88.  97.  70.  70.  81.  94.  92.  83.  85.  94.  95.  91.
 142.]",97.86,94.28,96.06976744186046,89.0,92.0,92.0,92.0,92.0,92.0
gJS_sBM_cAll_d03_mJS4_ch05,gJS,sBM,cAll,d03,mJS4,ch05,120,[117. 112.  70.  72. 115. 144.  96.  99.  87.],[ 88.  87. 120. 103.  88.  89.  78.  72.  77.],101.33,89.11,95.22222222222223,70.0,88.0,72.0,99.0,88.0,88.5
gWA_sFM_cAll_d26_mWA0_ch08,gWA,sFM,cAll,d26,mWA0,ch08,80,"[139. 142. 141. 144. 144.  85.  95. 131. 134. 102. 110. 114. 124.  72.
  88.  94.  89. 102. 101. 108. 121. 136.  81.  88.  99.  82.  77.  77.
 124. 121. 116. 129. 135.  88.  70. 113. 111.  90. 100. 101. 128. 120.
  70. 135. 137. 101. 128. 137.]","[ 92. 115. 123. 120. 118. 129. 122. 103.  94. 110. 119. 128. 138.  88.
  93. 121.  88.  98.  90. 144. 144. 130. 111. 108.  71.  79.  80.  85.
 144. 130. 144.  94. 144.  73. 115. 113. 102. 100. 106.  92.  77.  72.
 144. 116. 105. 103. 144.  83.]",109.88,109.21,109.54166666666667,88.0,144.0,144.0,110.5,109.0,110.0
gKR_sBM_cAll_d30_mKR5_ch05,gKR,sBM,cAll,d30,mKR5,ch05,130,[118. 112. 120. 144. 144. 110. 122. 128.],[ 77. 137. 130. 130. 126. 126. 131. 144.],124.75,125.12,124.9375,144.0,126.0,144.0,121.0,130.0,127.0
gPO_sFM_cAll_d10_mPO0_ch01,gPO,sFM,cAll,d10,mPO0,ch01,80,"[114. 110.  95.  93. 121. 115. 106.  92.  83. 110. 112. 106. 103.  79.
  75.  74.  70.  78.  93.  92.  99.  88. 144.  96.  96. 109. 113. 144.
  70. 100.  85.  89.  90. 122. 144. 137. 133.  97. 110. 144.  78. 120.
  89.  87.  99.  94.  90. 144.]","[105. 114. 118. 125.  77. 144. 140. 123. 105. 105. 144. 144.  91.  90.
  87.  77. 111.  95.  85.  81.  92. 144. 127. 109.  98. 110. 126.  80.
  96.  95.  79.  92. 100.  93.  88.  89. 100. 100.  98. 133. 132. 123.
  76.  80. 105. 115.  98.  94.]",102.75,104.85,103.80208333333333,144.0,105.0,144.0,98.0,100.0,99.0
gMH_sFM_cAll_d22_mMH0_ch01,gMH,sFM,cAll,d22,mMH0,ch01,80,"[ 92.  92.  93.  95. 105. 116. 102.  88.  77.  77.  84.  81.  79.  79.
  80.  81.  87.  91. 100. 102.  87.  88.  86.  89.  94.  88.  70. 144.
 144. 107. 117. 109. 101. 113.  78.  70.  70.  74.  76.  80.  81.  90.
  95.  80.  74.  81.  94. 100.]","[ 88.  84.  79.  81.  80.  77.  77.  81.  76.  83.  88. 144. 144. 144.
 129. 144.  87.  98. 103. 118. 119.  95.  84.  79.  76.  79.  84.  81.
  78.  99. 104. 144. 113. 124. 124. 115.  74.  82.  72.  72.  83.  85.
 139. 144.  82. 144.  94.  85.]",91.27,99.15,95.20833333333333,81.0,144.0,144.0,88.0,86.0,88.0
gMH_sBM_cAll_d23_mMH4_ch09,gMH,sBM,cAll,d23,mMH4,ch09,120,[113. 122. 121. 124. 133. 144. 119.  76.  72.],[119. 120. 121. 124. 123. 117. 118. 119. 115.],113.78,119.56,116.66666666666667,72.0,119.0,119.0,121.0,119.0,119.5
gKR_sBM_cAll_d28_mKR2_ch07,gKR,sBM,cAll,d28,mKR2,ch07,100,[131. 127. 132. 144. 100. 101. 102. 140. 104.  94.],[ 95.  85.  77.  70. 121. 127. 128. 120. 121. 127.],117.5,107.1,112.3,94.0,121.0,127.0,115.5,120.5,120.5
gMH_sFM_cAll_d24_mMH4_ch19,gMH,sFM,cAll,d24,mMH4,ch19,120,"[103.  90.  79. 114. 117. 144.  78.  93.  99. 122. 122. 120. 122. 127.
 139. 133. 129.  73.  77.  78. 119. 117. 118. 116. 130. 128. 102.  96.
  96. 140. 124. 116.]","[117. 124.  79.  91. 140. 144. 128. 109. 144. 143.  84.  96.  94.  86.
  83.  84.  90. 106. 121. 126. 130.  84. 129. 120. 117. 118. 133. 119.
 108.  96. 134. 132.]",111.28,112.78,112.03125,122.0,84.0,96.0,117.0,117.5,117.0
gLO_sFM_cAll_d13_mLO4_ch07,gLO,sFM,cAll,d13,mLO4,ch07,120,"[ 78.  84.  84.  98. 100.  84.  89. 105. 124. 125. 115. 144. 136. 144.
 144. 113. 112. 114. 106. 106. 104.  93.  98. 107. 133. 113. 113. 120.
 129.  72. 116. 129.]","[131. 121.  78.  77. 110. 111. 138. 122. 109.  96.  94. 117. 129.  89.
  98. 109.  70.  70. 122. 136.  98. 118. 126. 141. 136. 115. 113.  98.
  88.  91. 108.  75.]",110.38,107.31,108.84375,84.0,98.0,98.0,112.5,109.5,110.5
gWA_sBM_cAll_d25_mWA3_ch03,gWA,sBM,cAll,d25,mWA3,ch03,110,[144. 100. 124. 130. 126. 111.  83.  81.  92.],[115. 123. 127. 113. 100. 136. 115. 100.  87.],110.11,112.89,111.5,81.0,100.0,100.0,111.0,115.0,114.0
gMH_sBM_cAll_d23_mMH0_ch01,gMH,sBM,cAll,d23,mMH0,ch01,80,[96. 88. 81. 80. 80. 78. 77. 80. 81. 80. 82. 78. 75.],[93. 86. 82. 79. 78. 79. 82. 80. 81. 80. 78. 79. 82.],81.23,81.46,81.34615384615384,80.0,79.0,80.0,80.0,80.0,80.0
gJS_sBM_cAll_d03_mJS2_ch08,gJS,sBM,cAll,d03,mJS2,ch08,100,[131. 137. 102. 118. 123. 123. 123. 121. 112. 115.],[103. 100. 144. 144. 144. 100.  94. 144. 111. 111.],120.5,119.5,120.0,123.0,144.0,144.0,122.0,111.0,119.5
gLH_sBM_cAll_d17_mLH4_ch09,gLH,sBM,cAll,d17,mLH4,ch09,120,[ 78.  73.  70.  70.  73.  77.  94. 144. 134.],[118. 126. 125. 113. 114.  99.  91.  98. 100.],90.33,109.33,99.83333333333333,70.0,91.0,70.0,77.0,113.0,98.5
gPO_sBM_cAll_d10_mPO2_ch07,gPO,sBM,cAll,d10,mPO2,ch07,100,[107. 101.  91. 131. 144. 107. 127.  70. 101. 104.],[112. 101.  86.  70.  70.  70.  70.  82.  88.  82.],108.3,83.1,95.7,101.0,70.0,70.0,105.5,82.0,96.0
gBR_sBM_cAll_d05_mBR4_ch03,gBR,sBM,cAll,d05,mBR4,ch03,120,[120. 119. 118. 119. 121. 120. 119. 123. 126.],[122. 120. 119. 119. 121. 121. 118. 122. 126.],120.56,120.89,120.72222222222223,119.0,119.0,119.0,120.0,121.0,120.0
gPO_sBM_cAll_d10_mPO1_ch10,gPO,sBM,cAll,d10,mPO1,ch10,90,[ 86.  75.  77.  85.  77.  77.  86. 122. 118.  82.  81.],[111. 118.  70.  73. 139. 144. 144. 142. 128. 106.  73.],87.82,113.45,100.63636363636364,77.0,73.0,77.0,82.0,118.0,86.0
gWA_sBM_cAll_d26_mWA5_ch08,gWA,sBM,cAll,d26,mWA5,ch08,130,[121. 129. 136. 138. 133. 144. 131. 129.],[129. 131. 136. 144. 122. 142.  95. 112.],132.62,126.38,129.5,129.0,95.0,129.0,132.0,130.0,131.0
gLH_sBM_cAll_d16_mLH0_ch04,gLH,sBM,cAll,d16,mLH0,ch04,80,[136.  70.  79.  89.  74. 111. 143. 138.  80.  91.  73.  71.  78.],[144. 144. 144.  70.  84.  87.  78.  81.  80.  78.  84.  84.  83.],94.85,95.46,95.15384615384616,70.0,84.0,78.0,80.0,84.0,83.5
gJB_sBM_cAll_d09_mJB3_ch08,gJB,sBM,cAll,d09,mJB3,ch08,110,[118. 118. 118.  70. 144. 144. 113. 117. 118.],[103. 109. 108. 115. 141. 105. 110. 110. 115.],117.78,112.89,115.33333333333333,118.0,110.0,118.0,118.0,110.0,115.0
gLH_sBM_cAll_d17_mLH4_ch10,gLH,sBM,cAll,d17,mLH4,ch10,120,[117. 133. 144.  82. 144. 136.  91.  82.  75.],[ 89.  89. 144. 144. 144. 144.  89. 106. 113.],111.56,118.0,114.77777777777777,82.0,144.0,144.0,117.0,113.0,115.0
gJB_sBM_cAll_d07_mJB3_ch09,gJB,sBM,cAll,d07,mJB3,ch09,110,[143. 143. 100.  99.  86.  90.  97. 108. 135.],[ 78.  77.  76.  78.  87.  84.  87.  99. 100.],111.22,85.11,98.16666666666667,143.0,78.0,78.0,100.0,84.0,93.5
gPO_sBM_cAll_d11_mPO5_ch03,gPO,sBM,cAll,d11,mPO5,ch03,130,[132. 128. 130. 136. 133. 128. 129. 128.],[118. 125. 130. 137. 130. 130. 127. 120.],130.5,127.12,128.8125,128.0,130.0,130.0,129.5,128.5,129.5
gHO_sBM_cAll_d20_mHO4_ch08,gHO,sBM,cAll,d20,mHO4,ch08,130,[125. 134. 130. 128. 129. 129. 128. 130.],[ 91.  79. 130. 130. 129. 129. 128. 120.],129.12,117.0,123.0625,128.0,129.0,129.0,129.0,128.5,129.0
gWA_sBM_cAll_d27_mWA3_ch03,gWA,sBM,cAll,d27,mWA3,ch03,110,[107.  90.  86. 112. 114. 126. 132. 106.  98.],[111. 111. 116. 131. 138. 136. 130. 132. 144.],107.89,127.67,117.77777777777777,86.0,111.0,111.0,107.0,131.0,115.0
gHO_sBM_cAll_d19_mHO2_ch06,gHO,sBM,cAll,d19,mHO2,ch06,120,[133. 124. 121. 121. 121. 121. 116. 120. 128.],[114. 116. 118. 122. 125. 120. 119. 123. 130.],122.78,120.78,121.77777777777777,121.0,114.0,121.0,121.0,120.0,121.0
gPO_sBM_cAll_d10_mPO0_ch09,gPO,sBM,cAll,d10,mPO0,ch09,80,[ 78.  85. 106. 104.  70. 102.  96.  74.  84.  78.  74.  72. 133.],[ 84.  83.  83.  80. 120. 120.  80.  86. 116. 120. 131. 131. 134.],88.92,105.23,97.07692307692308,74.0,120.0,120.0,84.0,116.0,85.5
gMH_sBM_cAll_d24_mMH5_ch06,gMH,sBM,cAll,d24,mMH5,ch06,130,[92. 94. 85. 86. 94. 95. 82. 86.],[133. 137. 131. 123. 127. 133. 132. 114.],89.25,128.75,109.0,86.0,133.0,86.0,89.0,131.5,104.5
gJS_sBM_cAll_d01_mJS2_ch05,gJS,sBM,cAll,d01,mJS2,ch05,100,[103. 109. 117.  77.  81.  79.  91. 119. 127. 100.],[ 97.  90.  80.  81.  89. 136. 137. 141. 144. 142.],100.3,113.7,107.0,77.0,80.0,81.0,101.5,116.5,101.5
gLH_sFM_cAll_d18_mLH4_ch19,gLH,sFM,cAll,d18,mLH4,ch19,120,"[126. 132.  84.  93. 108. 119. 125.  75.  88.  90.  88. 100. 108. 102.
  77.  83.  80. 125. 144. 144. 129. 116.  93.  99.  99.  89.  88. 104.
 108. 108. 122. 122.]","[ 88.  95.  96.  98. 117. 126. 119. 102.  96. 137. 132.  94.  92.  87.
  88.  97. 114. 131. 121. 117. 117. 122.  86.  85. 130. 125. 128. 122.
 111. 105.  90.  96.]",105.25,108.25,106.75,108.0,96.0,88.0,103.0,108.0,104.5
gMH_sBM_cAll_d24_mMH3_ch06,gMH,sBM,cAll,d24,mMH3,ch06,110,[ 78.  85. 103.  70.  80.  84.  74.  70.  75.],[105. 113. 115. 108. 106. 109. 109. 114. 130.],79.89,112.11,96.0,70.0,109.0,70.0,78.0,109.0,104.0
gKR_sBM_cAll_d29_mKR1_ch01,gKR,sBM,cAll,d29,mKR1,ch01,90,[102. 107. 121. 136.  99.  88. 144. 129. 124. 133. 117.],[126.  72.  89.  91.  88.  89.  92.  92.  91.  84.  81.],118.18,90.45,104.31818181818181,88.0,89.0,88.0,121.0,89.0,95.5
gKR_sBM_cAll_d28_mKR1_ch02,gKR,sBM,cAll,d28,mKR1,ch02,90,[141. 135. 131. 138. 136. 138. 141. 136. 131. 144. 105.],[ 92.  93.  87.  89.  94.  94.  87. 131.  90.  86.  80.],134.18,93.0,113.5909090909091,131.0,87.0,131.0,136.0,90.0,118.0
gJB_sBM_cAll_d08_mJB5_ch07,gJB,sBM,cAll,d08,mJB5,ch07,130,[122. 127. 130.  70. 100. 129. 126. 119.],[ 78.  79.  94.  92.  93.  89. 100.  92.],115.38,89.62,102.5,70.0,92.0,92.0,124.0,92.0,97.0
gKR_sBM_cAll_d30_mKR5_ch09,gKR,sBM,cAll,d30,mKR5,ch09,130,[144. 102.  82.  70. 131. 134. 137. 137.],[137. 136. 126. 126. 124. 128. 139.  70.],117.12,123.25,120.1875,137.0,126.0,137.0,132.5,127.0,129.5
gMH_sBM_cAll_d22_mMH2_ch09,gMH,sBM,cAll,d22,mMH2,ch09,100,[142.  95. 126. 109.  70.  70.  70.  70. 144. 121.],[ 88.  96. 101. 104. 101.  97.  99. 101. 100.  95.],101.7,98.2,99.95,70.0,101.0,70.0,102.0,99.5,99.5
gLO_sBM_cAll_d14_mLO0_ch09,gLO,sBM,cAll,d14,mLO0,ch09,80,[ 70. 144. 139. 133.  97. 107. 106. 109.  81.  85.  82. 107. 121.],[ 74.  85.  95.  73.  85.  99. 106. 113. 128. 135. 127. 126.  76.],106.23,101.69,103.96153846153847,107.0,85.0,85.0,107.0,99.0,106.0
gKR_sFM_cAll_d29_mKR5_ch14,gKR,sFM,cAll,d29,mKR5,ch14,130,"[125. 121. 115. 140. 142. 144. 144. 122. 134.  70.  73.  80.  86. 117.
  99. 140. 134. 126. 125. 127. 144. 143. 140. 128. 125. 132. 138.  99.
  95.  98.]","[144. 144. 144.  96.  95. 106. 101.  90.  97. 117. 117. 104.  99.  95.
 101.  79.  76.  70. 105.  83. 144. 144. 143. 144. 111. 114. 128. 138.
 141. 140.]",120.2,113.67,116.93333333333334,125.0,144.0,144.0,125.5,108.5,121.5
gMH_sBM_cAll_d23_mMH4_ch04,gMH,sBM,cAll,d23,mMH4,ch04,120,[122. 125. 128.  82.  87.  78.  70.  71.  88.],[108.  95.  95. 116. 125. 123. 119. 120. 122.],94.56,113.67,104.11111111111111,70.0,95.0,95.0,87.0,119.0,112.0
gHO_sFM_cAll_d19_mHO2_ch03,gHO,sFM,cAll,d19,mHO2,ch03,120,"[120. 123. 129. 131. 121. 118. 122. 130. 117. 115. 122. 123. 119. 119.
 122. 103.  89. 107. 100.  88.  86. 124. 120.  98.  78.  70. 141.  88.
  92. 109. 108. 105.]","[116. 116. 121. 119.  86.  99. 116. 124. 124. 122. 122. 124. 118. 112.
 121. 120. 116. 119. 114. 117. 129. 124. 121. 130. 132.  73.  77. 126.
 120. 110.  87.  94.]",110.53,114.03,112.28125,122.0,116.0,122.0,117.5,119.0,118.5
gWA_sFM_cAll_d27_mWA2_ch21,gWA,sFM,cAll,d27,mWA2,ch21,100,"[107. 117. 119. 116. 127. 134. 122. 128. 123.  82. 124. 110. 104. 114.
 103. 100.  86.  85. 127. 129. 144. 113.  97.  74. 107. 116. 121.  70.
  99. 103. 100. 134. 127.  84.  78. 118. 108. 144. 144.]","[116. 127. 129. 122. 121. 112.  70.  82. 144. 103. 100.  95. 144. 109.
 133.  73.  70.  70. 128. 139. 139. 129. 117. 113. 106.  78.  81. 144.
 138. 107.  89.  84. 100. 102.  97.  91.  93.  80.  72.]",111.23,106.33,108.78205128205128,127.0,70.0,144.0,114.0,106.0,109.5
gHO_sBM_cAll_d21_mHO4_ch10,gHO,sBM,cAll,d21,mHO4,ch10,130,[127. 125. 131. 131. 128. 126.  70.  70.],[127. 131. 133. 128. 126. 129.  98. 115.],113.5,123.38,118.4375,70.0,98.0,131.0,126.5,127.5,127.0
gLO_sBM_cAll_d13_mLO2_ch05,gLO,sBM,cAll,d13,mLO2,ch05,100,[107. 104. 100. 103.  99. 101. 100.  97. 104. 107.],[107. 106. 102. 100. 101.  99. 101. 102.  99.  99.],102.2,101.6,101.9,100.0,99.0,99.0,102.0,101.0,101.0
gJS_sBM_cAll_d01_mJS3_ch08,gJS,sBM,cAll,d01,mJS3,ch08,110,[ 75. 144. 107. 122. 117. 111. 135. 135.  73.],[111. 111. 113. 112. 110. 109. 112. 122. 128.],113.22,114.22,113.72222222222223,135.0,111.0,111.0,117.0,112.0,112.0
gBR_sBM_cAll_d04_mBR2_ch03,gBR,sBM,cAll,d04,mBR2,ch03,100,[100. 100. 103. 100.  99. 103. 100. 103.  99.  97.],[ 97. 100. 101.  99. 102. 102. 100. 101.  95.  89.],100.4,98.6,99.5,100.0,100.0,100.0,100.0,100.0,100.0
gJS_sBM_cAll_d03_mJS3_ch01,gJS,sBM,cAll,d03,mJS3,ch01,110,[ 73. 144. 144. 138. 109.  74.  78.  85.  81.],[121. 119. 116. 118. 125. 121. 124. 137. 142.],102.89,124.78,113.83333333333333,144.0,121.0,121.0,85.0,121.0,120.0
gWA_sBM_cAll_d25_mWA3_ch01,gWA,sBM,cAll,d25,mWA3,ch01,110,[ 77.  82.  84. 119. 106. 107. 117. 135.  82.],[106. 111. 110. 116. 119. 110. 108. 118.  81.],101.0,108.78,104.88888888888889,82.0,110.0,82.0,106.0,110.0,109.0
gKR_sBM_cAll_d29_mKR0_ch09,gKR,sBM,cAll,d29,mKR0,ch09,80,[ 94. 100. 110. 115. 121. 123. 144. 141. 110. 102.  97.  94.  90.],[ 84.  83.  80. 131. 119.  77. 140. 109. 110. 112. 112.  71.  87.],110.85,101.15,106.0,94.0,112.0,110.0,110.0,109.0,109.5
gLO_sBM_cAll_d14_mLO4_ch07,gLO,sBM,cAll,d14,mLO4,ch07,120,[102.  95.  71. 138. 144.  80.  91.  94.  92.],[102. 111. 125. 116. 110. 120.  79. 130. 133.],100.78,114.0,107.38888888888889,71.0,79.0,102.0,94.0,116.0,106.0
gJS_sBM_cAll_d02_mJS0_ch03,gJS,sBM,cAll,d02,mJS0,ch03,80,[ 96.  93.  79.  70.  80.  82.  79. 132. 144. 113. 118.  99.  97.],[122. 106.  97.  83.  83. 144. 144. 131.  83.  87.  87.  81.  80.],98.62,102.15,100.38461538461539,79.0,83.0,83.0,96.0,87.0,94.5
gBR_sBM_cAll_d05_mBR5_ch06,gBR,sBM,cAll,d05,mBR5,ch06,130,[ 78.  70. 102. 100.  97.  99. 134.  74.],[141. 120. 105. 104.  97. 126.  70.  72.],94.25,104.38,99.3125,70.0,70.0,70.0,98.0,104.5,99.5
gLH_sBM_cAll_d17_mLH1_ch07,gLH,sBM,cAll,d17,mLH1,ch07,90,[106. 100. 108. 114. 112.  70. 144. 118. 116. 110. 100.],[ 85.  84.  89.  93.  94. 102. 113. 114.  93.  90.  87.],108.91,94.91,101.9090909090909,100.0,93.0,93.0,110.0,93.0,101.0
gLO_sBM_cAll_d14_mLO1_ch10,gLO,sBM,cAll,d14,mLO1,ch10,90,[137. 128. 108.  83.  87.  98. 122. 110. 144. 144. 102.],[138. 129. 104.  92. 127. 126. 132. 141. 120.  98.  95.],114.82,118.36,116.5909090909091,144.0,92.0,98.0,110.0,126.0,121.0
gLO_sBM_cAll_d14_mLO1_ch05,gLO,sBM,cAll,d14,mLO1,ch05,90,[124. 121. 110.  83.  73. 106. 101. 126. 132. 117. 107.],[144. 114. 101.  93.  93.  96. 111. 122.  97. 106. 108.],109.09,107.73,108.4090909090909,73.0,93.0,93.0,110.0,106.0,107.5
gWA_sBM_cAll_d27_mWA5_ch09,gWA,sBM,cAll,d27,mWA5,ch09,130,[118. 108. 105.  91.  79.  81.  81.  88.],[103.  92.  74.  73. 141.  97.  98.  94.],93.88,96.5,95.1875,81.0,73.0,81.0,89.5,95.5,93.0
gJS_sBM_cAll_d01_mJS1_ch08,gJS,sBM,cAll,d01,mJS1,ch08,90,[126. 131. 144.  85. 130. 140. 144.  99.  77.  72.  70.],[70. 88. 91. 95. 90. 85. 87. 93. 90. 92. 92.],110.73,88.45,99.5909090909091,144.0,90.0,70.0,126.0,90.0,91.5
gLO_sFM_cAll_d15_mLO4_ch19,gLO,sFM,cAll,d15,mLO4,ch19,120,"[ 90.  94. 108. 106.  76.  85. 109. 124.  72. 143. 120. 118. 126. 140.
  90. 129. 140. 144. 114.  78.  95. 107. 100.  87.  74. 124. 118. 116.
 117. 121. 119. 116.]","[ 97. 102. 107. 104.  95. 140. 137. 126. 117.  97.  87. 107. 144.  70.
  84. 144. 144. 138. 126. 130. 127. 119. 122. 123. 119. 117. 123. 130.
 143. 131. 122. 130.]",109.38,118.81,114.09375,90.0,130.0,144.0,115.0,122.5,118.0
gWA_sBM_cAll_d27_mWA2_ch10,gWA,sBM,cAll,d27,mWA2,ch10,100,[ 80.  85. 100. 143. 138. 116. 110. 107.  94.  95.],[109. 100.  91.  98. 111. 111. 105. 110. 122. 132.],106.8,108.9,107.85,80.0,111.0,100.0,103.5,109.5,108.0
gHO_sBM_cAll_d19_mHO0_ch06,gHO,sBM,cAll,d19,mHO0,ch06,110,[137. 112. 104. 111. 113. 112.  72. 113. 111.],[113. 110. 107. 110. 111. 111. 110. 109. 114.],109.44,110.56,110.0,111.0,110.0,111.0,112.0,110.0,111.0
gPO_sFM_cAll_d12_mPO3_ch18,gPO,sFM,cAll,d12,mPO3,ch18,110,"[ 97. 100. 143. 135. 129. 126.  71.  86. 126. 144.  90.  92. 101. 122.
 117. 102. 102. 114.  95. 108. 113. 106. 114.  78.  99. 101. 101.  88.
 138. 136.  70.  81.  98. 144.  82.]","[114. 115. 117. 114.  75.  70. 134.  90.  84. 123.  95.  95.  86. 139.
 133. 119. 110. 122. 121. 113. 118. 119. 106. 104. 111.  72.  73. 144.
  97.  88.  81. 122. 116.  75.  80.]",107.11,105.0,106.05714285714286,101.0,75.0,114.0,102.0,111.0,106.0
gJB_sBM_cAll_d07_mJB3_ch05,gJB,sBM,cAll,d07,mJB3,ch05,110,[104. 106. 108. 110. 112. 111. 110.  70.  79.],[101. 105. 107. 110. 112. 112. 110. 108. 106.],101.11,107.89,104.5,110.0,110.0,110.0,108.0,108.0,108.0
gJS_sBM_cAll_d02_mJS0_ch07,gJS,sBM,cAll,d02,mJS0,ch07,80,[107. 114.  77. 101. 113.  77.  70. 107.  95.  83.  74.  87.  92.],[114. 116. 120. 120. 131. 115. 101.  90.  70. 121. 103.  94.  88.],92.08,106.38,99.23076923076923,77.0,120.0,70.0,92.0,114.0,101.0
gJB_sBM_cAll_d07_mJB1_ch09,gJB,sBM,cAll,d07,mJB1,ch09,90,[144. 105. 106. 112. 123. 126. 138. 137. 126. 115. 107.],[139. 144.  83.  86.  98.  98.  96.  94. 144.  70. 119.],121.73,106.45,114.0909090909091,126.0,98.0,144.0,123.0,98.0,113.5
gJS_sBM_cAll_d03_mJS5_ch08,gJS,sBM,cAll,d03,mJS5,ch08,130,[73. 70. 70. 70. 70. 70. 70. 73.],[126. 128. 130. 132. 130. 127. 144. 144.],70.75,132.62,101.6875,70.0,130.0,70.0,70.0,130.0,99.5
gKR_sBM_cAll_d29_mKR0_ch10,gKR,sBM,cAll,d29,mKR0,ch10,80,[108. 112. 120. 130. 143. 111. 111. 112.  86.  80.  70. 138. 144.],[ 80.  81.  76. 136. 137. 138. 141. 144.  81.  77.  73. 103. 119.],112.69,106.62,109.65384615384616,111.0,81.0,80.0,112.0,103.0,111.5
gPO_sBM_cAll_d10_mPO0_ch04,gPO,sBM,cAll,d10,mPO0,ch04,80,[ 73.  82.  96. 103. 113. 144. 143.  70. 144. 144. 144.  90.  98.],[118. 118. 116.  91.  84.  75. 141. 141. 138. 136. 117. 106. 109.],111.08,114.62,112.84615384615384,144.0,118.0,144.0,103.0,117.0,114.5
gMH_sBM_cAll_d22_mMH1_ch02,gMH,sBM,cAll,d22,mMH1,ch02,90,[144. 144. 144. 128. 122. 115. 110.  70. 134. 132. 135.],[126.  71.  70. 116. 106.  70.  70.  75. 144. 137.  90.],125.27,97.73,111.5,144.0,70.0,70.0,132.0,90.0,119.0
gKR_sBM_cAll_d29_mKR0_ch03,gKR,sBM,cAll,d29,mKR0,ch03,80,[118. 116. 118. 112. 119. 124. 124.  83.  81.  80.  80.  76. 130.],[112. 118. 119. 117. 121. 125. 133.  86.  83. 118. 118. 118. 113.],104.69,113.92,109.3076923076923,80.0,118.0,118.0,116.0,118.0,118.0
gWA_sBM_cAll_d25_mWA1_ch06,gWA,sBM,cAll,d25,mWA1,ch06,90,[ 88.  88.  96.  97.  98. 144. 138.  80. 112.  82.  82.],[ 87.  83. 103.  89.  86.  87.  70. 127.  77.  89.  92.],100.45,90.0,95.22727272727273,82.0,87.0,82.0,96.0,87.0,88.5
gBR_sBM_cAll_d06_mBR4_ch01,gBR,sBM,cAll,d06,mBR4,ch01,120,[ 99. 120. 119. 121. 125. 119. 113. 110. 109.],[127. 124. 116. 117. 121. 120. 119. 135. 144.],115.0,124.78,119.88888888888889,119.0,116.0,119.0,119.0,121.0,119.5
gKR_sBM_cAll_d30_mKR3_ch10,gKR,sBM,cAll,d30,mKR3,ch10,110,[112. 103.  71. 134.  70.  86.  99. 143. 144.],[123. 119. 118. 126.  89.  80.  75.  75. 115.],106.89,102.22,104.55555555555556,70.0,75.0,75.0,103.0,115.0,107.5
gHO_sBM_cAll_d21_mHO2_ch07,gHO,sBM,cAll,d21,mHO2,ch07,120,[129. 124. 120. 122. 122. 120. 120. 128. 136.],[114. 119. 123. 122. 120. 120. 121. 119. 119.],124.56,119.67,122.11111111111111,120.0,119.0,120.0,122.0,120.0,120.5
gMH_sBM_cAll_d23_mMH1_ch07,gMH,sBM,cAll,d23,mMH1,ch07,90,[88. 99. 70. 82. 90. 89. 91. 94. 84. 88. 92.],[95. 95. 92. 90. 92. 89. 92. 91. 89. 91. 93.],87.91,91.73,89.81818181818181,88.0,92.0,92.0,89.0,92.0,91.0
gWA_sBM_cAll_d25_mWA2_ch06,gWA,sBM,cAll,d25,mWA2,ch06,100,[115. 104.  95. 135. 140.  88.  79.  76.  86. 105.],[105.  96. 102. 108.  96. 137. 110.  98.  98. 102.],102.3,105.2,103.75,76.0,96.0,96.0,99.5,102.0,102.0
gJB_sBM_cAll_d09_mJB3_ch06,gJB,sBM,cAll,d09,mJB3,ch06,110,[ 97.  87.  92. 144. 125. 107. 116. 122. 117.],[107. 101.  74.  79.  87.  93.  95. 113. 125.],111.89,97.11,104.5,87.0,74.0,87.0,116.0,95.0,104.0
gWA_sBM_cAll_d26_mWA0_ch07,gWA,sBM,cAll,d26,mWA0,ch07,80,[ 70.  79. 135.  83. 100. 121. 122. 115.  92.  76. 137. 123. 103.],[100.  91. 144. 124. 144. 144.  72.  86. 104. 111. 115. 122. 119.],104.31,113.54,108.92307692307692,70.0,144.0,144.0,103.0,115.0,113.0
gLH_sBM_cAll_d16_mLH2_ch09,gLH,sBM,cAll,d16,mLH2,ch09,100,[ 77.  78.  90.  96.  98. 101.  93.  70. 107. 101.],[ 97.  86. 144.  99.  85. 120. 118. 105.  96. 110.],91.1,106.0,98.55,101.0,85.0,96.0,94.5,102.0,97.5
gWA_sFM_cAll_d25_mWA4_ch05,gWA,sFM,cAll,d25,mWA4,ch05,120,"[124. 123. 117. 106. 142. 144. 108. 115. 122. 144. 112. 125. 119. 103.
  94. 119. 130. 130. 127. 141. 105. 119. 135. 123. 118.  79.  73. 137.
 144. 136. 124. 129.]","[ 95.  85.  82.  90. 107.  99.  92.  75.  75.  72.  70.  91. 109. 134.
 140.  77.  90. 117. 119. 121. 115.  98.  79.  70. 120.  70. 117. 127.
 131. 144. 129.  87.]",120.84,100.84,110.84375,119.0,70.0,119.0,123.0,96.5,117.0
gLH_sBM_cAll_d17_mLH0_ch01,gLH,sBM,cAll,d17,mLH0,ch01,80,[ 85.  82.  77.  80.  82.  74.  80.  87.  78.  76.  84. 126. 137.],[81. 85. 82. 78. 78. 79. 81. 82. 79. 80. 79. 82. 85.],88.31,80.85,84.57692307692308,80.0,79.0,82.0,82.0,81.0,81.0
gBR_sFM_cAll_d05_mBR4_ch13,gBR,sFM,cAll,d05,mBR4,ch13,120,"[ 83.  92. 103.  89.  83.  91. 101. 107. 107.  99.  96. 103. 104. 104.
 117. 124. 127. 131. 144.  99. 104. 115. 120. 129. 141. 103. 112. 120.
 125. 121. 119. 144.]","[128. 129. 131.  70. 144. 124. 132. 144.  70. 138. 136. 128. 122. 111.
 105. 100. 111.  73.  73. 139. 126. 105. 113. 122.  71. 144. 142. 142.
 143. 121. 131. 144.]",111.16,119.12,115.140625,103.0,144.0,144.0,107.0,127.0,119.5
gPO_sFM_cAll_d11_mPO4_ch12,gPO,sFM,cAll,d11,mPO4,ch12,120,"[136.  70. 120. 102.  97.  96.  81. 115. 103. 100. 112.  93.  86.  74.
  88. 109.  70. 137.  87.  87.  92.  89. 129. 117.  81.  85.  91. 101.
  95.  85.  83.  76.]","[115. 121. 121. 112. 121. 113. 114. 124. 126. 129. 138. 144. 131. 128.
  95.  92.  84.  75. 144. 133. 131. 126. 129. 144. 144. 144. 140. 132.
  92. 108. 122. 138.]",96.47,122.19,109.328125,70.0,144.0,144.0,92.5,126.0,112.0
gPO_sBM_cAll_d12_mPO4_ch03,gPO,sBM,cAll,d12,mPO4,ch03,120,[141.  73.  73. 108. 122.  78. 144. 131. 121.],[101. 123. 131. 117. 108. 114. 115. 120. 123.],110.11,116.89,113.5,73.0,123.0,73.0,121.0,117.0,118.5
gLH_sBM_cAll_d18_mLH4_ch08,gLH,sBM,cAll,d18,mLH4,ch08,120,[141.  70.  70.  76.  70.  84.  94. 121. 129.],[144. 144.  70.  81. 106.  96.  89.  85.  70.],95.0,98.33,96.66666666666667,70.0,70.0,70.0,84.0,89.0,87.0
gLO_sFM_cAll_d14_mLO2_ch10,gLO,sFM,cAll,d14,mLO2,ch10,100,"[ 99. 108. 124. 130. 108. 129.  83.  95.  90. 142. 134. 139. 137. 130.
 120. 103. 101. 144. 141. 126.  90. 144. 127.  75.  75. 135. 137. 102.
  95.  99. 120. 112.  86.  86. 144. 144. 144.  96. 103.]","[ 93. 101. 116. 112. 115. 116. 126. 134. 104. 121. 129. 133. 144. 144.
 108. 144. 144. 124. 114.  81. 144. 123. 140. 135. 118.  84. 129. 144.
  80.  98. 143. 124. 102. 109. 103. 102. 112. 118. 117.]",115.31,118.67,116.98717948717949,144.0,144.0,144.0,120.0,118.0,118.0
gMH_sFM_cAll_d24_mMH0_ch15,gMH,sFM,cAll,d24,mMH0,ch15,80,"[ 91.  89.  95. 115. 109.  82.  80.  97. 101.  82. 144. 143. 142. 144.
  95.  98.  94.  99. 114. 112.  90. 133. 141. 132. 119.  96.  92.  90.
  88.  91.  87.  85.  92.  96.  91.  92.  91.  87. 125.  76.  80.  73.
  70.  73.  72.  74.  81.  87.]","[ 90.  92.  85.  72. 136. 128. 135.  77.  81. 142. 144. 128.  70. 144.
 144.  93.  81.  78. 103. 104. 143. 128. 117.  76.  75. 144. 144. 144.
 137. 125.  76.  83.  79.  77. 142. 144.  84.  83.  85.  98. 100.  94.
  81.  78. 109. 120. 127. 141.]",98.54,107.52,103.03125,91.0,144.0,144.0,92.0,101.5,94.0
gKR_sBM_cAll_d28_mKR2_ch08,gKR,sBM,cAll,d28,mKR2,ch08,100,[142. 144. 144. 144. 144. 144. 144. 144. 144. 144.],[ 93.  98. 101. 100.  99. 100. 100. 100.  99.  98.],143.8,98.8,121.3,144.0,100.0,144.0,144.0,99.5,121.5
gLO_sBM_cAll_d13_mLO2_ch01,gLO,sBM,cAll,d13,mLO2,ch01,100,[ 74.  70. 135. 144. 144. 126. 124.  75. 119. 114.],[100. 102.  91.  70. 108.  96.  99. 114. 116. 125.],112.5,102.1,107.3,144.0,70.0,70.0,121.5,101.0,111.0
gBR_sBM_cAll_d05_mBR1_ch05,gBR,sBM,cAll,d05,mBR1,ch05,90,[144. 111.  91.  92.  96.  76. 112. 100.  98.  99.  91.],[ 96.  92.  88.  74. 118.  95.  89.  90.  92.  92.  90.],100.91,92.36,96.63636363636364,91.0,92.0,92.0,98.0,92.0,92.0
gWA_sBM_cAll_d26_mWA1_ch08,gWA,sBM,cAll,d26,mWA1,ch08,90,[132. 126. 128. 129. 122.  84.  96. 111. 108. 107. 105.],[101. 101.  90.  87.  93.  89.  90.  89.  90. 110. 122.],113.45,96.55,105.0,84.0,90.0,90.0,111.0,90.0,103.0
gLO_sBM_cAll_d14_mLO5_ch01,gLO,sBM,cAll,d14,mLO5,ch01,130,[126. 118.  93.  89.  80.  70.  70. 123.],[129.  73. 100.  95.  80.  97.  70.  70.],96.12,89.25,92.6875,70.0,70.0,70.0,91.0,87.5,91.0
gLH_sBM_cAll_d17_mLH1_ch01,gLH,sBM,cAll,d17,mLH1,ch01,90,[119. 127. 144. 106. 121. 144.  99. 113. 109. 103.  95.],[ 95.  94.  92.  90. 129.  94.  90.  91.  93.  94.  90.],116.36,95.64,106.0,144.0,90.0,90.0,113.0,93.0,97.0
gHO_sBM_cAll_d20_mHO0_ch09,gHO,sBM,cAll,d20,mHO0,ch09,110,[107. 109. 112. 112. 115. 113. 114. 105. 101.],[111. 111. 110. 111. 112. 113. 113. 110. 109.],109.78,111.11,110.44444444444444,112.0,111.0,111.0,112.0,111.0,111.0
gMH_sBM_cAll_d22_mMH0_ch06,gMH,sBM,cAll,d22,mMH0,ch06,80,[ 73.  73.  70. 128.  87.  87.  80.  77.  88. 132. 121. 105.  88.],[76. 81. 80. 80. 81. 79. 79. 81. 79. 77. 82. 82. 76.],93.0,79.46,86.23076923076923,73.0,79.0,79.0,87.0,80.0,80.5
gJB_sBM_cAll_d09_mJB2_ch04,gJB,sBM,cAll,d09,mJB2,ch04,100,[136.  70.  70.  71.  74.  95.  99.  99. 100. 144.],[138.  70. 140. 141. 127. 121. 115. 105.  96. 101.],95.8,115.4,105.6,70.0,70.0,70.0,97.0,118.0,100.5
gBR_sFM_cAll_d06_mBR3_ch17,gBR,sFM,cAll,d06,mBR3,ch17,110,"[129. 114.  93.  84. 133. 122. 122. 130. 132. 121. 110. 110.  70. 144.
  70.  76.  79.  73.  74.  90. 108. 111. 112. 130.  78.  93. 112. 129.
 122. 127. 125. 112.  76. 142. 136.]","[129. 112. 111. 111. 114. 115. 106. 116.  71. 109. 111. 113. 114. 127.
  81.  97. 111. 110. 110. 107. 101.  86. 144. 129. 125.  77.  91. 125.
 109. 121. 133.  98. 101. 114. 114.]",108.26,109.8,109.02857142857142,112.0,111.0,111.0,112.0,111.0,111.5
gLO_sBM_cAll_d14_mLO4_ch05,gLO,sBM,cAll,d14,mLO4,ch05,120,[141. 137. 136. 127. 116. 112. 105.  88.  94.],[101. 108. 144.  79.  95. 112.  73.  77.  73.],117.33,95.78,106.55555555555556,88.0,73.0,73.0,116.0,95.0,106.5
gMH_sBM_cAll_d23_mMH1_ch02,gMH,sBM,cAll,d23,mMH1,ch02,90,[133.  71.  86.  97. 106. 104. 103.  98.  96. 107. 104.],[127. 123. 127. 144. 144.  80.  71. 140. 141. 144. 144.],100.45,125.91,113.18181818181819,104.0,144.0,144.0,103.0,140.0,106.5
gLH_sBM_cAll_d18_mLH4_ch01,gLH,sBM,cAll,d18,mLH4,ch01,120,[105. 118. 127. 122. 111. 124. 130.  70. 138.],[ 92.  74. 122. 119. 120. 122. 119.  70.  75.],116.11,101.44,108.77777777777777,70.0,119.0,122.0,122.0,119.0,119.0
gPO_sBM_cAll_d12_mPO2_ch01,gPO,sBM,cAll,d12,mPO2,ch01,100,[ 94.  90.  74.  76.  76. 103. 103. 100.  94. 102.],[125. 108.  96. 103.  99. 102. 104. 101. 101. 107.],91.2,104.6,97.9,76.0,101.0,103.0,94.0,102.5,101.0
gKR_sFM_cAll_d30_mKR4_ch19,gKR,sFM,cAll,d30,mKR4,ch19,120,"[117. 117. 124. 124. 110. 118. 115. 105. 103. 107. 121. 122. 120. 120.
 108. 101. 117. 125. 113. 103. 108.  70. 144. 144. 109.  96. 132. 121.
  70. 117. 107. 110.]","[ 87.  90. 115.  99.  95. 113. 104.  97. 144.  72. 108.  97. 144. 127.
 131. 143. 125. 116. 114. 129. 125. 123. 125. 131. 126. 128. 134. 137.
  75. 101. 144. 130.]",113.06,116.53,114.796875,117.0,125.0,144.0,116.0,124.0,117.0
gBR_sBM_cAll_d06_mBR4_ch03,gBR,sBM,cAll,d06,mBR4,ch03,120,[120. 121. 124. 131.  93.  91.  92.  92.  87.],[107. 107. 117. 116.  96.  91.  90.  79.  73.],105.67,97.33,101.5,92.0,107.0,91.0,93.0,96.0,94.5
gMH_sBM_cAll_d23_mMH1_ch05,gMH,sBM,cAll,d23,mMH1,ch05,90,[ 96.  95. 105. 134.  92. 144. 144.  92. 144.  89. 103.],[104.  92.  89.  91.  88.  92.  94.  87.  92.  91. 105.],112.55,93.18,102.86363636363636,144.0,92.0,92.0,103.0,92.0,93.0
gKR_sBM_cAll_d28_mKR1_ch07,gKR,sBM,cAll,d28,mKR1,ch07,90,[124. 127. 127. 132.  76. 132. 116. 119. 135. 130. 125.],[100.  95.  86.  76. 124.  91.  85.  87.  86.  89.  92.],122.09,91.91,107.0,127.0,86.0,76.0,127.0,89.0,108.0
gBR_sBM_cAll_d04_mBR0_ch02,gBR,sBM,cAll,d04,mBR0,ch02,80,[ 86.  96. 124. 144.  89. 115. 144.  89. 113. 144.  87.  89.  90.],[107. 113. 121. 124. 113. 118. 129. 117. 115. 122. 124. 134. 139.],108.46,121.23,114.84615384615384,89.0,113.0,89.0,96.0,121.0,116.0
gLO_sBM_cAll_d13_mLO3_ch01,gLO,sBM,cAll,d13,mLO3,ch01,110,[ 79.  82.  86.  87.  87.  78. 140.  93.  92.],[ 78. 144. 133. 111. 144. 135. 124. 116. 110.],91.56,121.67,106.61111111111111,87.0,144.0,78.0,87.0,124.0,101.5
gMH_sBM_cAll_d23_mMH1_ch06,gMH,sBM,cAll,d23,mMH1,ch06,90,[122.  70.  70. 144. 138. 119. 118. 144. 133. 124. 106.],[92. 97. 94. 90. 90. 93. 89. 89. 91. 89. 90.],117.09,91.27,104.18181818181819,70.0,89.0,89.0,122.0,90.0,93.5
gLH_sBM_cAll_d17_mLH0_ch07,gLH,sBM,cAll,d17,mLH0,ch07,80,[ 92.  88. 144. 110. 102. 104.  98.  77. 115.  88.  73. 103.  88.],[103. 101. 103. 100.  94.  96. 107.  85.  80.  74.  87.  86.  84.],98.62,92.31,95.46153846153847,88.0,103.0,88.0,98.0,94.0,95.0
gMH_sFM_cAll_d22_mMH5_ch06,gMH,sFM,cAll,d22,mMH5,ch06,130,"[133. 128. 113.  80.  70. 112. 107. 139. 125. 111.  98. 144. 135. 130.
 123. 117. 114. 108.  99.  82. 123. 112. 100.  82. 144. 105. 123. 134.
 125. 110.]","[122. 125. 127. 128. 129. 129. 120. 103. 143. 142. 105. 117. 120. 129.
 128. 122. 125. 142.  71.  99. 117. 128. 130. 132. 134. 101.  82. 126.
 123. 138.]",114.2,121.23,117.71666666666667,123.0,128.0,123.0,113.5,125.5,123.0
gKR_sBM_cAll_d30_mKR4_ch01,gKR,sBM,cAll,d30,mKR4,ch01,120,[118. 135. 144.  90.  84.  88.  92. 102. 115.],[ 87.  73. 118. 118. 112. 130. 119. 106.  92.],107.56,106.11,106.83333333333333,84.0,118.0,118.0,102.0,112.0,109.0
gPO_sBM_cAll_d11_mPO5_ch05,gPO,sBM,cAll,d11,mPO5,ch05,130,[114. 113.  99.  89.  74.  70. 144.  94.],[126. 131. 132. 122. 117. 105. 110. 116.],99.62,119.88,109.75,70.0,105.0,70.0,96.5,119.5,113.5
gPO_sBM_cAll_d11_mPO0_ch05,gPO,sBM,cAll,d11,mPO0,ch05,80,[144. 144. 132. 137. 100. 122. 122.  76. 144. 141.  87.  80.  80.],[ 77.  81.  82.  87.  97.  87.  81.  76.  70. 119.  71.  85.  96.],116.08,85.31,100.6923076923077,144.0,81.0,87.0,122.0,82.0,87.0
gJS_sBM_cAll_d01_mJS0_ch07,gJS,sBM,cAll,d01,mJS0,ch07,80,[144. 144. 132.  70.  84.  89.  70. 102.  84. 126. 119.  93.  80.],[133. 135. 144. 144.  70.  72. 144. 118. 118. 120. 114. 103.  92.],102.85,115.92,109.38461538461539,70.0,144.0,144.0,93.0,118.0,116.0
gBR_sBM_cAll_d06_mBR2_ch09,gBR,sBM,cAll,d06,mBR2,ch09,100,[144. 144.  99. 102.  96.  93. 108.  97.  96. 105.],[ 77.  87. 114.  71.  93. 103.  94. 107.  70.  73.],108.4,88.9,98.65,96.0,70.0,93.0,100.5,90.0,96.5
gHO_sBM_cAll_d20_mHO1_ch10,gHO,sBM,cAll,d20,mHO1,ch10,115,[ 79.  87.  92. 144. 144. 143. 142. 144.  71.],[116. 120. 122. 116. 119. 114. 116. 113. 115.],116.22,116.78,116.5,144.0,116.0,116.0,142.0,116.0,116.0
gLO_sBM_cAll_d15_mLO5_ch02,gLO,sBM,cAll,d15,mLO5,ch02,130,[ 75.  78.  80. 144. 144. 123. 129. 136.],[130. 133.  70. 129. 144. 130.  74.  75.],113.62,110.62,112.125,144.0,130.0,144.0,126.0,129.5,129.0
gPO_sBM_cAll_d12_mPO3_ch08,gPO,sBM,cAll,d12,mPO3,ch08,110,[131.  70. 105. 114. 119. 117. 132. 138.  70.],[112. 105. 105. 119. 112. 110. 108. 102.  82.],110.67,106.11,108.38888888888889,70.0,105.0,105.0,117.0,108.0,111.0
gMH_sBM_cAll_d22_mMH2_ch02,gMH,sBM,cAll,d22,mMH2,ch02,100,[100.  85.  84. 143. 136. 133. 131.  85.  85.  82.],[133.  75.  77. 116. 122. 130.  98. 118. 121. 119.],106.4,110.9,108.65,85.0,75.0,85.0,92.5,118.5,117.0
gKR_sBM_cAll_d30_mKR4_ch06,gKR,sBM,cAll,d30,mKR4,ch06,120,[140.  92.  70. 120. 144. 144. 104. 109. 116.],[141. 143. 144. 112. 124.  70. 125. 122. 124.],115.44,122.78,119.11111111111111,144.0,124.0,144.0,116.0,124.0,123.0
gLH_sFM_cAll_d17_mLH0_ch08,gLH,sFM,cAll,d17,mLH0,ch08,80,"[140. 142.  79.  76. 144. 144. 142. 142. 141.  80.  79.  87.  94. 123.
  71.  97. 106. 142. 125. 111. 119. 117.  97.  92. 122. 106. 105. 104.
  81.  77. 142. 116. 119.  70.  70. 144.  98. 111. 116. 113. 129. 144.
 144.  81. 117. 121.  88. 102.]","[ 92.  82.  82. 114. 108. 100. 144.  86.  96.  88.  82.  85.  97. 105.
  87.  85.  94.  95.  80.  76.  73.  85. 121.  90. 141. 124. 115. 123.
 111.  97.  88. 144. 144. 105. 103.  99.  90. 104. 117. 139. 144.  96.
 107.  94.  92. 144. 136. 130.]",110.62,104.88,107.75,142.0,144.0,144.0,112.0,98.0,105.0
gWA_sBM_cAll_d26_mWA5_ch10,gWA,sBM,cAll,d26,mWA5,ch10,130,[ 73.  81.  81.  86.  87.  93. 138. 124.],[141.  83. 104. 109. 108. 104. 115. 122.],95.38,110.75,103.0625,81.0,104.0,81.0,86.5,108.5,104.0
gLO_sFM_cAll_d14_mLO5_ch13,gLO,sFM,cAll,d14,mLO5,ch13,130,"[ 79. 129. 131. 139.  70.  70.  70.  97.  97.  97. 105. 109.  97.  98.
 106. 109.  99. 100.  98. 139.  96. 107. 116. 119. 114.  70. 132. 108.
 106. 110.]","[ 73.  70.  70.  81.  95.  98.  97.  92.  90.  98. 133. 114. 101.  97.
 130.  96.  96. 100. 121. 129. 127.  92. 128.  70. 144.  97. 101. 110.
 109. 103.]",103.9,102.07,102.98333333333333,70.0,70.0,70.0,105.5,98.0,100.0
gPO_sBM_cAll_d11_mPO4_ch02,gPO,sBM,cAll,d11,mPO4,ch02,120,[ 75.  79.  73. 120. 109.  87.  75.  70. 136.],[113. 115. 123. 120. 118. 119. 124. 122. 124.],91.56,119.78,105.66666666666667,75.0,124.0,75.0,79.0,120.0,116.5
gWA_sBM_cAll_d25_mWA2_ch10,gWA,sBM,cAll,d25,mWA2,ch10,100,[112. 102.  98.  92. 101. 109. 103.  98.  99. 101.],[ 72.  99. 102. 144. 144. 134. 139. 144. 144. 103.],101.5,122.5,112.0,98.0,144.0,144.0,101.0,136.5,102.5
gMH_sBM_cAll_d24_mMH3_ch04,gMH,sBM,cAll,d24,mMH3,ch04,110,[112. 104. 106. 112. 111. 111. 111. 109.  99.],[103. 106. 108. 108. 112. 114. 113. 110. 103.],108.33,108.56,108.44444444444444,111.0,103.0,111.0,111.0,108.0,109.5
gJS_sBM_cAll_d03_mJS5_ch02,gJS,sBM,cAll,d03,mJS5,ch02,130,[ 84. 125.  70.  74.  78.  77. 115. 117.],[101. 108. 117. 144. 144. 141. 135. 129.],92.5,127.38,109.9375,70.0,144.0,117.0,81.0,132.0,116.0
gLH_sBM_cAll_d17_mLH0_ch05,gLH,sBM,cAll,d17,mLH0,ch05,80,[ 78.  82. 144. 131.  76.  85. 133.  73. 144. 144.  77.  74. 138.],[126.  70.  74.  92. 113.  76.  79.  82.  80. 144. 139. 137. 138.],106.08,103.85,104.96153846153847,144.0,70.0,144.0,85.0,92.0,88.5
gJB_sBM_cAll_d07_mJB1_ch10,gJB,sBM,cAll,d07,mJB1,ch10,90,[ 85.  87.  88.  98. 100.  90.  82.  95. 101.  92.  92.],[143. 107. 110. 124. 143. 137. 144. 144.  91.  97.  94.],91.82,121.27,106.54545454545455,92.0,143.0,92.0,92.0,124.0,97.5
gJS_sBM_cAll_d02_mJS5_ch01,gJS,sBM,cAll,d02,mJS5,ch01,130,[136. 137.  72.  70. 144. 144.  76.  78.],[120.  70.  72.  70.  71.  71.  71. 136.],107.12,85.12,96.125,144.0,71.0,70.0,107.0,71.0,74.0
gHO_sFM_cAll_d21_mHO3_ch21,gHO,sFM,cAll,d21,mHO3,ch21,125,"[ 94.  95. 125. 128.  70.  70.  76.  87.  94.  90.  89.  99. 144. 137.
 133. 108.  97.  96.  91. 127.  76.  82.  83.  83.  79.  93.  89.  82.
  90. 103. 101.]","[101. 115. 125. 125. 127. 123. 111.  96.  99.  85.  78.  94.  98. 134.
 120. 121. 116.  70. 117. 125.  72. 108.  70.  75. 121. 128. 126. 124.
 120. 114. 104.]",97.13,107.81,102.46774193548387,70.0,125.0,70.0,93.0,115.0,99.0
gJB_sBM_cAll_d08_mJB4_ch04,gJB,sBM,cAll,d08,mJB4,ch04,120,[126.  70.  91. 107.  70. 125. 125. 135. 135.],[141.  70.  71.  88. 103. 103.  90. 134. 133.],109.33,103.67,106.5,70.0,103.0,70.0,125.0,103.0,105.0
gLH_sBM_cAll_d18_mLH4_ch09,gLH,sBM,cAll,d18,mLH4,ch09,120,[123. 120. 107.  88.  70. 115. 107.  84.  72.],[126. 122. 123. 122. 119. 119. 119. 114. 102.],98.44,118.44,108.44444444444444,107.0,119.0,119.0,107.0,119.0,117.0
gKR_sBM_cAll_d28_mKR3_ch06,gKR,sBM,cAll,d28,mKR3,ch06,110,[144. 144. 144. 106. 109. 113. 108. 111. 113.],[108. 107. 107. 108. 109. 110. 109. 108. 104.],121.33,107.78,114.55555555555556,144.0,108.0,108.0,113.0,108.0,109.0
gKR_sBM_cAll_d30_mKR4_ch05,gKR,sBM,cAll,d30,mKR4,ch05,120,[ 93.  92.  86.  84.  83.  93. 140.  70. 131.],[ 81.  92. 127. 127. 114. 130. 131.  82.  83.],96.89,107.44,102.16666666666667,93.0,127.0,83.0,92.0,114.0,92.5
gJB_sBM_cAll_d08_mJB1_ch09,gJB,sBM,cAll,d08,mJB1,ch09,90,[ 86. 144. 144. 144.  91. 101. 113. 118. 117. 130.  70.],[ 71.  81.  89.  72.  80. 110. 115. 127. 144. 141. 136.],114.36,106.0,110.18181818181819,144.0,71.0,144.0,117.0,110.0,114.0
gHO_sBM_cAll_d20_mHO4_ch10,gHO,sBM,cAll,d20,mHO4,ch10,130,[ 75.  83. 100.  98.  86.  72.  75.  82.],[121. 116.  97. 127. 126. 127.  96.  96.],83.88,113.25,98.5625,75.0,96.0,75.0,82.5,118.5,96.5
gJB_sBM_cAll_d07_mJB0_ch06,gJB,sBM,cAll,d07,mJB0,ch06,80,[139. 132. 124. 131. 134. 120.  88.  90. 111. 117. 114.  94.  93.],[116. 123.  75.  77.  74.  81.  78.  73.  70.  71. 109. 121. 124.],114.38,91.69,103.03846153846153,88.0,70.0,124.0,117.0,78.0,110.0
gLH_sBM_cAll_d16_mLH1_ch09,gLH,sBM,cAll,d16,mLH1,ch09,90,[ 90. 106.  70.  70. 106.  77.  70.  85.  80.  77.  83.],[103.  94.  90.  91.  88.  94.  87.  84.  84.  77.  92.],83.09,89.45,86.27272727272727,70.0,84.0,70.0,80.0,90.0,86.0
gBR_sBM_cAll_d06_mBR5_ch01,gBR,sBM,cAll,d06,mBR5,ch01,130,[ 98. 102.  99. 132. 126. 133. 110. 112.],[132. 135. 134. 130. 129. 129. 135. 107.],114.0,128.88,121.4375,98.0,129.0,129.0,111.0,131.0,129.0
gLO_sFM_cAll_d15_mLO3_ch18,gLO,sFM,cAll,d15,mLO3,ch18,110,"[ 97.  89.  86.  88.  99. 137. 144. 144. 144. 144.  73. 109. 132. 130.
 111. 103. 110. 144. 121. 114.  84.  86.  93. 105. 105.  90. 144.  93.
  85.  75.  74. 115. 112. 107. 109.]","[113. 118. 120. 109. 106. 115. 112. 111. 134. 137.  74. 142. 111.  93.
  97.  96.  86.  70. 123.  82. 100. 104. 102. 100. 110. 125.  85.  90.
 111. 110. 110. 132.  71.  73.  76.]",108.46,104.23,106.34285714285714,144.0,110.0,144.0,107.0,109.0,108.0
gKR_sBM_cAll_d29_mKR0_ch02,gKR,sBM,cAll,d29,mKR0,ch02,80,[ 90.  86.  82.  79.  81.  80.  81.  87.  90.  86. 144.  70. 131.],[ 88.  85.  79.  78.  80.  81.  82.  81.  77.  79.  87.  98. 108.],91.31,84.85,88.07692307692308,81.0,79.0,81.0,86.0,81.0,82.0
gHO_sBM_cAll_d21_mHO5_ch05,gHO,sBM,cAll,d21,mHO5,ch05,135,[127. 130. 134. 136. 134. 136.  70. 133.],[123. 128. 134. 135. 135. 134. 131. 133.],125.0,131.62,128.3125,134.0,134.0,134.0,133.5,133.5,133.5
gMH_sBM_cAll_d23_mMH4_ch05,gMH,sBM,cAll,d23,mMH4,ch05,120,[121. 115. 122. 125. 113. 122. 120. 122. 132.],[ 76.  83. 114.  70. 117. 114. 116. 118. 110.],121.33,102.0,111.66666666666667,122.0,114.0,122.0,122.0,114.0,116.5
gHO_sBM_cAll_d19_mHO1_ch03,gHO,sBM,cAll,d19,mHO1,ch03,115,[ 73.  81. 118. 142. 144.  82.  87.  86.  97.],[106. 106. 110. 113. 115. 114. 114. 115. 112.],101.11,111.67,106.38888888888889,73.0,106.0,106.0,87.0,113.0,111.0
gMH_sBM_cAll_d24_mMH4_ch01,gMH,sBM,cAll,d24,mMH4,ch01,120,[126. 115. 115. 118. 115. 125. 124. 112. 108.],[ 88.  80.  78. 108.  83.  79.  79. 121. 126.],117.56,93.56,105.55555555555556,115.0,79.0,115.0,115.0,83.0,113.5
gLO_sBM_cAll_d15_mLO2_ch10,gLO,sBM,cAll,d15,mLO2,ch10,100,[ 83.  93. 105. 138. 101. 134.  98. 104. 132.  92.],[113. 109.  99.  96. 103.  97. 106.  98.  96. 103.],108.0,102.0,105.0,83.0,96.0,96.0,102.5,101.0,102.0
gMH_sBM_cAll_d23_mMH0_ch07,gMH,sBM,cAll,d23,mMH0,ch07,80,[144. 144. 122. 135. 132. 134. 131. 122.  98. 135. 128. 132. 133.],[ 87.  89. 103. 106.  89.  81.  79.  83.  80.  79.  85.  88.  90.],130.0,87.62,108.8076923076923,122.0,79.0,79.0,132.0,87.0,104.5
gWA_sBM_cAll_d25_mWA1_ch09,gWA,sBM,cAll,d25,mWA1,ch09,90,[100.  75. 143. 144. 109. 125. 137.  91.  95.  94.  92.],[ 78.  90.  91.  90. 144.  90.  84.  77.  70. 106. 100.],109.55,92.73,101.13636363636364,75.0,90.0,90.0,100.0,90.0,93.0
gKR_sBM_cAll_d28_mKR1_ch05,gKR,sBM,cAll,d28,mKR1,ch05,90,[ 92.  91.  93.  93.  88.  92.  94.  87.  92.  88. 130.],[107. 106.  89.  93.  95.  85.  97.  90.  87.  96.  89.],94.55,94.0,94.27272727272727,92.0,89.0,92.0,92.0,93.0,92.0
gLH_sBM_cAll_d16_mLH0_ch08,gLH,sBM,cAll,d16,mLH0,ch08,80,[ 72.  90.  86.  79.  72. 120.  73.  85.  75.  70. 144.  94.  84.],[126. 129.  89.  86.  92.  88.  74.  70. 111. 120. 133. 140. 144.],88.0,107.85,97.92307692307692,72.0,70.0,70.0,84.0,111.0,88.5
gPO_sBM_cAll_d10_mPO3_ch07,gPO,sBM,cAll,d10,mPO3,ch07,110,[117. 117. 123. 141.  87.  84. 108. 111. 108.],[116. 117. 126. 136. 144. 107. 124. 139. 144.],110.67,128.11,119.38888888888889,108.0,144.0,117.0,111.0,126.0,117.0
gLH_sFM_cAll_d17_mLH1_ch09,gLH,sFM,cAll,d17,mLH1,ch09,90,"[128. 126. 128. 128.  87. 102. 100. 132. 144.  97. 144.  94.  92.  80.
 115. 112. 107. 112. 144. 144.  85.  94.  95. 125. 122. 133. 144. 136.
 134. 125. 126. 124. 110.  98.  91.  92.  88. 144. 144. 142. 122. 122.
  88.]","[111.  90.  89. 144. 144. 131. 124. 144.  86. 116. 122. 117. 115.  85.
  81. 113. 111. 113. 109.  97.  92.  77. 137. 109.  95.  91. 112. 103.
 136. 130. 117. 109. 108. 144. 143.  94. 104. 113. 114. 112. 108. 125.
 131.]",116.28,112.7,114.48837209302326,144.0,144.0,144.0,122.0,112.0,113.0
gBR_sBM_cAll_d06_mBR2_ch02,gBR,sBM,cAll,d06,mBR2,ch02,100,[103. 101.  99. 102. 101. 100.  98.  98. 104. 107.],[144. 144. 144. 144. 144. 144. 144. 144. 136. 115.],101.3,140.3,120.8,98.0,144.0,144.0,101.0,144.0,111.0
gLO_sBM_cAll_d13_mLO2_ch07,gLO,sBM,cAll,d13,mLO2,ch07,100,[144. 128. 110. 141. 125. 119. 132. 115. 133. 142.],[144. 136. 121. 100.  96. 103. 144. 144. 144. 144.],128.9,127.6,128.25,110.0,144.0,144.0,130.0,140.0,132.5
gKR_sFM_cAll_d28_mKR0_ch01,gKR,sFM,cAll,d28,mKR0,ch01,80,"[ 84.  73. 112. 111. 135. 144. 144.  90.  70.  71.  79.  82.  93.  95.
  73. 131. 132. 133.  88.  76.  80.  97.  96. 129. 127. 112. 103. 111.
 110. 113.  70.  71. 132. 137. 137.  72. 114. 117. 105. 104. 105.  90.
  85. 129. 129. 110.  94. 140.]","[ 98. 108. 127. 129. 106. 105. 136.  71.  81. 114. 118. 119. 136. 144.
 120.  78.  84. 106. 110. 136.  88.  76.  82.  88.  86. 116. 108. 108.
  99.  88.  79.  80.  93.  94. 103. 109.  96.  85. 143. 129.  76.  98.
  98.  90.  92.  94.  97.  95.]",104.9,102.42,103.65625,129.0,88.0,129.0,105.0,98.0,103.0
gLO_sFM_cAll_d14_mLO0_ch08,gLO,sFM,cAll,d14,mLO0,ch08,80,"[144. 117. 117. 144. 122. 109.  91.  94.  94. 128. 126. 121. 119. 121.
 144. 107. 117. 120.  76.  85.  90.  85.  97. 110. 115.  79.  79.  76.
  93. 132. 129. 123.  78. 129. 100.  96. 118. 125. 138. 134. 126. 123.
 119. 132.  91.  98. 118. 121.]","[ 77.  73.  70.  74.  70.  81.  84. 130. 144.  94.  83. 116. 104. 115.
 129. 119. 102. 105.  81. 123. 144.  91. 105. 112. 114.  98.  87.  77.
  76.  79.  82.  82. 126. 117.  96.  94.  89. 134. 144. 133.  99.  93.
  96.  70. 140. 139. 131.  74.]",111.46,102.0,106.72916666666667,117.0,70.0,144.0,117.5,97.0,108.0
gKR_sBM_cAll_d30_mKR5_ch04,gKR,sBM,cAll,d30,mKR5,ch04,130,[123. 127. 131. 130. 131. 131. 144.  97.],[141.  70.  70.  70.  70.  70.  70.  70.],126.75,78.88,102.8125,131.0,70.0,70.0,130.5,70.0,110.0
gBR_sBM_cAll_d06_mBR2_ch04,gBR,sBM,cAll,d06,mBR2,ch04,100,[ 74.  91. 133. 124. 125. 127. 124. 125. 133.  70.],[ 98. 102. 109. 114. 101.  98. 104. 144. 144. 105.],112.6,111.9,112.25,124.0,98.0,98.0,124.5,104.5,111.5
gMH_sBM_cAll_d23_mMH4_ch07,gMH,sBM,cAll,d23,mMH4,ch07,120,[ 73.  75.  75.  80. 123.  72.  75.  70. 133.],[112. 121. 120. 121. 122. 121. 120. 122. 123.],86.22,120.22,103.22222222222223,75.0,121.0,75.0,75.0,121.0,120.0
gLH_sBM_cAll_d18_mLH5_ch03,gLH,sBM,cAll,d18,mLH5,ch03,130,[ 82.  75.  70. 120.  98.  93.  96. 144.],[ 76.  71. 124. 131. 133. 129. 133.  75.],97.25,109.0,103.125,70.0,133.0,75.0,94.5,126.5,97.0
gKR_sBM_cAll_d29_mKR5_ch10,gKR,sBM,cAll,d29,mKR5,ch10,130,[116. 136. 138.  83.  92. 129. 122. 111.],[ 94.  99. 141.  79.  96.  92.  90.  97.],115.88,98.5,107.1875,83.0,79.0,92.0,119.0,95.0,98.0
gBR_sBM_cAll_d06_mBR2_ch08,gBR,sBM,cAll,d06,mBR2,ch08,100,[129. 128.  70.  78.  76. 125. 130. 132. 125. 116.],[ 98. 100.  99.  99.  98. 103. 104. 144. 144. 135.],110.9,112.4,111.65,125.0,98.0,98.0,125.0,101.5,110.0
gPO_sBM_cAll_d11_mPO0_ch07,gPO,sBM,cAll,d11,mPO0,ch07,80,[116. 119. 120.  70.  78.  83.  95. 100. 115.  70.  81. 144. 144.],[100. 111.  72.  93.  88.  83.  81.  79.  83.  82.  96. 106. 101.],102.69,90.38,96.53846153846153,70.0,83.0,83.0,100.0,88.0,94.0
gWA_sBM_cAll_d26_mWA0_ch08,gWA,sBM,cAll,d26,mWA0,ch08,80,[ 80.  77. 144. 144.  98. 100. 105. 102. 100. 144.  92.  78.  77.],[144. 144. 144. 144.  76.  70.  70. 144. 144. 144. 144. 144. 144.],103.15,127.38,115.26923076923077,144.0,144.0,144.0,100.0,144.0,124.5
gPO_sBM_cAll_d12_mPO5_ch05,gPO,sBM,cAll,d12,mPO5,ch05,130,[ 86.  75.  70.  76.  75.  70. 115. 129.],[101.  87.  72.  74.  90.  89.  78.  75.],87.0,83.25,85.125,70.0,72.0,75.0,75.5,82.5,77.0
gJB_sBM_cAll_d07_mJB1_ch05,gJB,sBM,cAll,d07,mJB1,ch05,90,[108. 121. 129. 111. 106. 117.  78.  96. 118. 116.  92.],[131. 134.  70.  70.  70.  70.  73.  70.  70.  75.  75.],108.36,82.55,95.45454545454545,78.0,70.0,70.0,111.0,70.0,94.0
gLO_sBM_cAll_d15_mLO5_ch03,gLO,sBM,cAll,d15,mLO5,ch03,130,[ 97. 102. 108. 111. 122. 123.  79.  75.],[ 73.  78.  82. 144. 141. 144.  73.  70.],102.12,100.62,101.375,75.0,73.0,73.0,105.0,80.0,99.5
gJB_sBM_cAll_d08_mJB5_ch10,gJB,sBM,cAll,d08,mJB5,ch10,130,[ 70.  73.  70. 114.  70. 144. 109. 117.],[136. 133. 137. 144. 144. 137. 128. 129.],95.88,136.0,115.9375,70.0,137.0,70.0,91.0,136.5,128.5
gMH_sBM_cAll_d23_mMH1_ch08,gMH,sBM,cAll,d23,mMH1,ch08,90,[126. 113.  91. 144. 144. 140. 129. 115. 124. 119. 111.],[90. 92. 91. 90. 92. 92. 91. 88. 89. 88. 88.],123.27,90.09,106.68181818181819,144.0,88.0,88.0,124.0,90.0,92.0
gMH_sBM_cAll_d24_mMH4_ch06,gMH,sBM,cAll,d24,mMH4,ch06,120,[111. 116. 119. 121. 116. 124.  79.  74. 133.],[119. 125. 124. 117. 120. 122. 122. 116. 105.],110.33,118.89,114.61111111111111,116.0,122.0,116.0,116.0,120.0,119.0
gMH_sBM_cAll_d24_mMH3_ch09,gMH,sBM,cAll,d24,mMH3,ch09,110,[110. 107. 107. 111. 111. 111. 110. 109. 110.],[ 84.  92. 103. 111. 115. 112. 107. 106. 105.],109.56,103.89,106.72222222222223,110.0,84.0,111.0,110.0,106.0,109.5
gJS_sBM_cAll_d02_mJS4_ch07,gJS,sBM,cAll,d02,mJS4,ch07,120,[103.  98. 144. 144.  84.  89. 144.  74.  75.],[ 77.  74.  70. 137.  71. 108. 125. 129. 123.],106.11,101.56,103.83333333333333,144.0,70.0,144.0,98.0,108.0,100.5
gPO_sBM_cAll_d12_mPO4_ch10,gPO,sBM,cAll,d12,mPO4,ch10,120,[135. 144. 114. 136.  99. 101. 114. 121. 110.],[140. 144.  97.  97. 117. 138.  96.  93.  91.],119.33,112.56,115.94444444444444,114.0,97.0,97.0,114.0,97.0,114.0
gJB_sFM_cAll_d09_mJB5_ch20,gJB,sFM,cAll,d09,mJB5,ch20,130,"[ 92.  83.  70. 119. 105.  99. 124. 133. 144. 108. 118. 144. 144. 144.
  78. 125. 101. 100. 111. 144. 144. 144. 131. 130. 127. 129. 132. 133.
 127. 117.]","[ 89.  95. 109. 102.  76.  79.  80.  77. 132. 124. 110. 111. 113. 109.
  78.  95. 142. 137.  73.  71.  85. 127. 136. 135. 131. 132. 131. 135.
 139.  96.]",120.0,108.3,114.15,144.0,95.0,144.0,126.0,109.5,118.5
gJB_sBM_cAll_d08_mJB0_ch08,gJB,sBM,cAll,d08,mJB0,ch08,80,[109. 121. 125. 123. 119. 104. 103. 109.  96. 128. 120. 130. 138.],[ 82. 127.  86.  81.  70. 119.  83. 120.  91. 144. 144. 141. 144.],117.31,110.15,113.73076923076923,109.0,144.0,144.0,120.0,119.0,119.5
gBR_sBM_cAll_d04_mBR2_ch06,gBR,sBM,cAll,d04,mBR2,ch06,100,[ 73.  79.  78.  76. 123. 129. 124. 128.  79.  91.],[ 97. 101. 104.  98. 102. 100.  96. 103.  96.  82.],98.0,97.9,97.95,79.0,96.0,79.0,85.0,99.0,97.5
gMH_sBM_cAll_d24_mMH3_ch02,gMH,sBM,cAll,d24,mMH3,ch02,110,[117. 118. 110. 142. 130. 126. 116.  76.  75.],[ 95.  98. 107. 120. 129. 127. 119. 118. 141.],112.22,117.11,114.66666666666667,75.0,95.0,118.0,117.0,119.0,118.0
gLO_sBM_cAll_d15_mLO2_ch06,gLO,sBM,cAll,d15,mLO2,ch06,100,[108. 107.  95.  97. 104.  98. 106. 132. 117. 116.],[140.  72.  75.  76.  74.  75.  75.  79.  76.  74.],108.0,81.6,94.8,95.0,75.0,75.0,106.5,75.0,96.0
gWA_sBM_cAll_d26_mWA4_ch07,gWA,sBM,cAll,d26,mWA4,ch07,120,[141.  74.  82. 118. 128. 103. 106. 110. 101.],[ 89. 100.  98.  99. 104.  99.  94.  95. 103.],107.0,97.89,102.44444444444444,74.0,99.0,99.0,106.0,99.0,100.5
gLO_sFM_cAll_d15_mLO1_ch16,gLO,sFM,cAll,d15,mLO1,ch16,90,"[ 97. 113. 116. 144.  88. 104. 108. 112. 140. 132. 141. 144. 109. 102.
 102. 144. 144. 140.  96.  91. 107. 121. 112. 104.  76. 101. 103.  99.
 101. 107. 108.  83.  91.  89. 135. 127.  97.  81.  71. 110. 102.  94.
 144.]","[104. 100. 144.  91.  89.  97. 143. 122. 144.  82.  70.  75.  81. 116.
 112. 102.  86.  84.  92.  94.  81.  89.  95. 143. 133. 117. 113. 106.
  70.  95. 110. 115. 101.  92.  94.  87.  88.  82.  75. 142.  95.  95.
  91.]",110.0,100.86,105.43023255813954,144.0,95.0,144.0,107.0,95.0,102.0
gPO_sBM_cAll_d11_mPO1_ch07,gPO,sBM,cAll,d11,mPO1,ch07,90,[144. 109.  70. 121. 123. 122. 112. 111. 144.  70. 116.],[98. 97. 93. 91. 90. 88. 90. 94. 91. 83. 82.],112.91,90.64,101.77272727272727,70.0,90.0,70.0,116.0,91.0,95.5
gMH_sBM_cAll_d24_mMH2_ch06,gMH,sBM,cAll,d24,mMH2,ch06,100,[ 73.  80.  91. 142.  70.  78.  75. 134. 142. 105.],[ 96. 102. 104.  97.  94. 103. 102. 102.  99.  84.],99.0,98.3,98.65,142.0,102.0,102.0,85.5,100.5,98.0
gJB_sBM_cAll_d07_mJB0_ch10,gJB,sBM,cAll,d07,mJB0,ch10,80,[ 78.  82.  88. 133. 143.  74.  88.  83.  79. 100.  98. 112. 128.],[128. 115. 115. 121. 124. 123. 117. 105. 101.  96.  77.  75.  92.],98.92,106.85,102.88461538461539,88.0,115.0,88.0,88.0,115.0,100.5
gPO_sBM_cAll_d10_mPO0_ch05,gPO,sBM,cAll,d10,mPO0,ch05,80,[126. 135.  71.  79.  96. 127. 111. 144. 132.  72. 144. 134. 114.],[122. 121.  70. 136.  89. 104. 109. 108. 117. 114. 101. 143. 141.],114.23,113.46,113.84615384615384,144.0,70.0,114.0,126.0,114.0,115.5
gHO_sFM_cAll_d20_mHO2_ch10,gHO,sFM,cAll,d20,mHO2,ch10,120,"[136. 130. 128. 131. 125. 125. 129. 127.  96.  95.  92.  75.  81.  98.
  86.  72. 133. 137. 101. 114. 134. 135. 122. 118. 112. 116. 121. 124.
 117. 115. 113. 144.]","[100.  95. 112. 115.  76. 139. 134. 133.  74.  83. 123. 114.  71. 127.
 128. 124. 108. 110. 117. 116. 140.  74.  98.  95.  96. 121. 122. 121.
 118. 114. 121. 118.]",115.06,110.53,112.796875,125.0,121.0,121.0,119.5,115.5,117.0
gLH_sBM_cAll_d18_mLH2_ch02,gLH,sBM,cAll,d18,mLH2,ch02,100,[ 75.  77.  87. 144.  70.  70.  71. 144. 144. 143.],[103. 100.  99. 101.  98.  87.  70.  70. 126. 121.],102.5,97.5,100.0,144.0,70.0,70.0,82.0,99.5,98.5
gPO_sBM_cAll_d12_mPO3_ch07,gPO,sBM,cAll,d12,mPO3,ch07,110,[ 87. 108. 109.  75. 111. 107.  96.  78.  70.],[ 91.  92.  96. 101. 103. 110. 120. 112.  88.],93.44,101.44,97.44444444444444,70.0,88.0,96.0,96.0,101.0,98.5
gHO_sFM_cAll_d21_mHO3_ch18,gHO,sFM,cAll,d21,mHO3,ch18,125,"[111. 119. 126.  70.  70.  70.  70.  92. 109.  70.  94.  98.  70. 134.
 120. 105. 112. 123. 126.  85.  98.  92.  96.  99.  91.  77.  83.  99.
  78.  88.  85.]","[113. 119. 126. 132. 135. 129. 128. 129. 144.  73. 138. 122. 125. 130.
 122. 126. 127. 123. 120. 117. 122. 124. 132. 141. 144. 118. 109. 111.
  99.  95. 104.]",95.48,121.84,108.66129032258064,70.0,122.0,70.0,94.0,124.0,112.5
gMH_sBM_cAll_d24_mMH5_ch08,gMH,sBM,cAll,d24,mMH5,ch08,130,[128. 131. 144.  97. 126. 128. 120. 108.],[ 78.  85.  96. 102. 127. 119. 125. 135.],122.75,108.38,115.5625,128.0,78.0,128.0,127.0,110.5,122.5
gBR_sBM_cAll_d05_mBR5_ch09,gBR,sBM,cAll,d05,mBR5,ch09,130,[144.  70.  70.  70.  70. 132. 127. 127.],[125. 102.  97.  98.  94.  97.  94.  95.],101.25,100.25,100.75,70.0,94.0,70.0,98.5,97.0,97.0
gJB_sBM_cAll_d08_mJB5_ch04,gJB,sBM,cAll,d08,mJB5,ch04,130,[141. 139.  90.  83.  74. 133. 137. 144.],[124.  70.  82.  85.  79. 107. 144. 141.],117.62,104.0,110.8125,74.0,70.0,141.0,135.0,96.0,115.5
gWA_sBM_cAll_d27_mWA2_ch08,gWA,sBM,cAll,d27,mWA2,ch08,100,[121. 109. 144. 144. 104. 110. 119. 112.  93. 144.],[108. 142. 144.  95.  99. 103. 118. 121. 132. 138.],120.0,120.0,120.0,144.0,95.0,144.0,115.5,119.5,118.5
gMH_sBM_cAll_d24_mMH2_ch04,gMH,sBM,cAll,d24,mMH2,ch04,100,[107. 104.  99. 100.  99.  99. 101.  98. 100.  98.],[105.  98.  99. 103.  99. 100.  99.  99. 101. 101.],100.5,100.4,100.45,99.0,99.0,99.0,99.5,99.5,99.5
gWA_sBM_cAll_d27_mWA3_ch05,gWA,sBM,cAll,d27,mWA3,ch05,110,[122.  70.  70. 110. 108. 144.  73. 124. 117.],[125. 123. 112. 116. 144. 108. 124. 130. 128.],104.22,123.33,113.77777777777777,70.0,108.0,70.0,110.0,124.0,119.5
gPO_sBM_cAll_d12_mPO4_ch08,gPO,sBM,cAll,d12,mPO4,ch08,120,[124.  70.  77.  84.  74.  70.  76.  81.  80.],[139. 121. 119. 124. 121. 116. 117. 144.  95.],81.78,121.78,101.77777777777777,70.0,121.0,70.0,77.0,121.0,105.5
gKR_sBM_cAll_d30_mKR4_ch08,gKR,sBM,cAll,d30,mKR4,ch08,120,[ 95. 103.  97.  90.  88.  92.  95.  78.  72.],[88. 88. 92. 92. 89. 89. 90. 90. 90.],90.0,89.78,89.88888888888889,95.0,90.0,90.0,92.0,90.0,90.0
gMH_sBM_cAll_d23_mMH0_ch04,gMH,sBM,cAll,d23,mMH0,ch04,80,[105.  88. 139. 134.  82.  80.  80. 108. 103. 117.  82.  87.  80.],[144. 144.  81. 144. 144. 103.  76.  83.  82.  81.  84.  90.  90.],98.85,103.54,101.1923076923077,80.0,144.0,144.0,88.0,90.0,89.0
gLH_sBM_cAll_d17_mLH0_ch04,gLH,sBM,cAll,d17,mLH0,ch04,80,[134. 125. 109. 111. 105.  99. 118. 129. 111. 114. 127. 136. 138.],[105. 112. 131. 142. 144. 144. 136. 144. 144. 127. 136. 124. 116.],119.69,131.15,125.42307692307692,111.0,144.0,144.0,118.0,136.0,127.0
gJS_sFM_cAll_d02_mJS2_ch03,gJS,sFM,cAll,d02,mJS2,ch03,100,"[ 72.  88.  91.  95.  93.  97. 120. 121. 102.  99. 144. 138. 122. 110.
 117.  70.  73. 144. 114.  70. 144. 144.  73.  94.  83.  85. 144.  99.
 144. 142. 135. 114. 113. 124. 109. 102.  83.  77.  88.]","[137. 117. 144. 144. 100.  96.  95.  87.  93. 144. 117. 123. 144.  70.
 100.  80. 121.  99. 137. 125.  80.  85. 118. 136. 141. 133. 101. 141.
  72.  81.  88.  91. 102. 113. 121. 127. 126. 108. 107.]",107.1,111.38,109.24358974358974,144.0,144.0,144.0,102.0,113.0,108.5
gJS_sBM_cAll_d02_mJS1_ch09,gJS,sBM,cAll,d02,mJS1,ch09,90,[120.  71.  92. 107. 108. 116.  71. 144.  97.  85.  71.],[136. 144. 144. 105. 118. 120.  83.  93.  93.  97.  98.],98.36,111.91,105.13636363636364,71.0,93.0,71.0,97.0,105.0,101.5
gKR_sBM_cAll_d29_mKR5_ch05,gKR,sBM,cAll,d29,mKR5,ch05,130,[140. 144. 144. 118. 135. 137. 138. 134.],[132. 117.  94. 131. 128. 126. 116.  70.],136.25,114.25,125.25,144.0,70.0,144.0,137.5,121.5,131.5
gKR_sFM_cAll_d30_mKR3_ch18,gKR,sFM,cAll,d30,mKR3,ch18,110,"[ 82.  81.  83.  75. 141. 144. 123. 118. 120. 131. 101. 108. 131. 136.
  85.  92.  96. 134.  93.  96.  89. 140. 142.  93. 114. 114.  83. 140.
 104. 105.  97.  82. 100. 113. 144.]","[107.  96.  78.  77.  82. 141.  75. 105. 118. 139. 144.  87.  84.  77.
  80.  77. 136. 140. 138. 122. 109.  88.  84. 104. 107. 109. 114. 109.
 104. 144. 140. 128. 116. 106. 113.]",109.43,107.94,108.68571428571428,82.0,77.0,140.0,105.0,107.0,107.0
gKR_sBM_cAll_d29_mKR4_ch01,gKR,sBM,cAll,d29,mKR4,ch01,120,[122. 112. 101. 136. 132.  91.  91. 128. 121.],[122. 119. 123. 125. 121. 122. 117. 125. 133.],114.89,123.0,118.94444444444444,91.0,122.0,122.0,121.0,122.0,122.0
gLH_sBM_cAll_d16_mLH0_ch07,gLH,sBM,cAll,d16,mLH0,ch07,80,[ 96. 101. 105. 101.  97. 101. 103. 103.  71.  98. 144. 144. 144.],[136. 135. 131. 116. 114.  80.  89.  81.  81. 113.  81.  81.  80.],108.31,101.38,104.84615384615384,101.0,81.0,81.0,101.0,89.0,101.0
gWA_sBM_cAll_d25_mWA1_ch08,gWA,sBM,cAll,d25,mWA1,ch08,90,[138. 142.  95. 102. 105. 144. 144.  73. 103. 105. 114.],[131. 139. 144. 122. 111. 105.  92.  96. 110. 126. 136.],115.0,119.27,117.13636363636364,105.0,92.0,105.0,105.0,122.0,112.5
gJB_sBM_cAll_d09_mJB2_ch05,gJB,sBM,cAll,d09,mJB2,ch05,100,[ 78.  76. 107. 125. 134.  81.  80. 140. 137.  70.],[107. 106.  70.  76. 111. 104. 101. 109. 107. 106.],102.8,99.7,101.25,70.0,106.0,107.0,94.0,106.0,106.0
gJS_sBM_cAll_d02_mJS0_ch09,gJS,sBM,cAll,d02,mJS0,ch09,80,[104.  95.  84. 101. 122. 125.  70. 131. 120. 120. 134. 141. 144.],[133.  70.  76.  72.  70.  73. 123. 128.  75.  79.  82.  79.  78.],114.69,87.54,101.11538461538461,120.0,70.0,70.0,120.0,78.0,98.0
gLH_sBM_cAll_d17_mLH5_ch08,gLH,sBM,cAll,d17,mLH5,ch08,130,[ 77.  82. 130. 128. 133. 123. 120. 124.],[136. 132. 125. 128.  71.  70. 127. 136.],114.62,115.62,115.125,77.0,136.0,128.0,123.5,127.5,126.0
gLO_sBM_cAll_d15_mLO4_ch05,gLO,sBM,cAll,d15,mLO4,ch05,120,[ 86.  87.  93.  87.  89.  91. 132. 131. 136.],[ 91.  85. 117. 118. 117. 122. 118. 110. 112.],103.56,110.0,106.77777777777777,87.0,117.0,87.0,91.0,117.0,111.0
gJS_sBM_cAll_d01_mJS1_ch09,gJS,sBM,cAll,d01,mJS1,ch09,90,[120. 107. 101.  84. 141. 131.  70.  86.  93. 105. 114.],[129.  75.  94.  84.  74.  78.  72. 101.  97.  98.  88.],104.73,90.0,97.36363636363636,70.0,72.0,84.0,105.0,88.0,95.5
gLO_sFM_cAll_d14_mLO5_ch14,gLO,sFM,cAll,d14,mLO5,ch14,130,"[124. 119.  86. 127. 127.  74.  76.  71. 144. 143.  98. 144. 144.  73.
  73.  77. 127. 126. 131. 125. 109.  94.  97. 110.  80.  93. 100. 102.
  99.  98.]","[125. 125.  82.  82.  90.  82.  81.  84. 126. 114.  70.  70. 144.  78.
 144. 121. 119. 127. 135.  70. 109.  89. 127. 127. 127. 105. 110. 125.
 136. 133.]",106.37,108.57,107.46666666666667,127.0,127.0,127.0,101.0,116.5,109.5
gKR_sBM_cAll_d30_mKR4_ch09,gKR,sBM,cAll,d30,mKR4,ch09,120,[ 87.  88.  96.  92. 139. 144. 144. 144. 144.],[ 92. 106. 109.  98.  70.  70.  70. 117. 118.],119.78,94.44,107.11111111111111,144.0,70.0,144.0,139.0,98.0,102.0
gJB_sBM_cAll_d08_mJB5_ch01,gJB,sBM,cAll,d08,mJB5,ch01,130,[ 75.  80.  81.  81.  79. 141. 137. 140.],[144. 144. 144. 121. 118. 118. 115. 103.],101.75,125.88,113.8125,81.0,144.0,144.0,81.0,119.5,118.0
gWA_sBM_cAll_d27_mWA5_ch10,gWA,sBM,cAll,d27,mWA5,ch10,130,[ 95. 109. 131.  89. 104. 114. 140. 144.],[134. 131. 129.  95. 142. 105.  96.  91.],115.75,115.38,115.5625,89.0,91.0,95.0,111.5,117.0,111.5
gLH_sBM_cAll_d16_mLH2_ch02,gLH,sBM,cAll,d16,mLH2,ch02,100,[ 97. 116.  70.  80.  77.  78.  74. 123. 120.  81.],[ 83.  96. 111. 137. 109.  95.  96. 102. 106. 115.],91.6,105.0,98.3,70.0,96.0,96.0,80.5,104.0,96.5
gLH_sFM_cAll_d16_mLH2_ch03,gLH,sFM,cAll,d16,mLH2,ch03,100,"[120. 108. 106. 128. 143.  73.  71.  70. 135.  87.  95.  97. 106. 108.
 111. 130. 131. 116. 122. 133. 121.  83. 144.  73. 123. 144.  70. 130.
 126. 141.  95.  84.  86. 107. 110. 101.  94. 133. 144.]","[131. 135. 132. 124. 121.  93.  90. 101. 119. 110. 144. 144.  78. 141.
 122. 105.  92.  78.  88.  93. 127. 127. 143. 130. 115. 114. 133.  80.
  88.  98. 144.  76.  70. 105. 104.  97.  96.  89. 128.]",110.23,110.38,110.3076923076923,144.0,144.0,144.0,110.0,110.0,110.0
gMH_sBM_cAll_d22_mMH2_ch05,gMH,sBM,cAll,d22,mMH2,ch05,100,[ 96. 100.  99. 100. 100.  99. 100. 101. 104. 104.],[ 99.  98.  99. 102. 100.  99.  98. 103. 101.  91.],100.3,99.0,99.65,100.0,99.0,99.0,100.0,99.0,100.0
gWA_sBM_cAll_d26_mWA4_ch02,gWA,sBM,cAll,d26,mWA4,ch02,120,[138. 115. 102. 144. 138. 136. 136. 118. 106.],[132. 134. 125. 144. 144. 128. 132. 115.  95.],125.89,127.67,126.77777777777777,136.0,132.0,144.0,136.0,132.0,132.0
gWA_sBM_cAll_d25_mWA1_ch07,gWA,sBM,cAll,d25,mWA1,ch07,90,[130. 125. 116. 111.  72. 129. 121. 106. 112. 140. 141.],[142. 137. 133. 137. 132. 138.  70. 131. 133. 130. 129.],118.45,128.36,123.4090909090909,72.0,133.0,129.0,121.0,133.0,130.0
gHO_sFM_cAll_d19_mHO0_ch01,gHO,sFM,cAll,d19,mHO0,ch01,110,"[113. 115. 109. 144. 121. 106. 112. 109. 114. 131. 144.  84.  88.  70.
  70.  90.  90. 110. 111.  98. 108. 115. 113. 110. 120. 124. 137. 136.
 122.  88.  90.  91.  93.  83. 139.]","[103. 108. 112. 112. 109. 109. 113. 116. 105. 107. 110. 111. 111. 107.
 115. 115. 109. 113. 110. 112. 110. 108. 109. 108. 110. 108. 107. 112.
 115.  86.  88. 128. 118. 109. 110.]",108.51,109.51,109.01428571428572,90.0,109.0,109.0,110.0,110.0,110.0
gLH_sBM_cAll_d16_mLH3_ch03,gLH,sBM,cAll,d16,mLH3,ch03,110,[116. 116. 116. 104. 108. 109. 119. 133. 136.],[ 73.  70. 119. 115. 116. 107. 110. 108. 105.],117.44,102.56,110.0,116.0,70.0,116.0,116.0,108.0,112.5
gJS_sBM_cAll_d01_mJS2_ch01,gJS,sBM,cAll,d01,mJS2,ch01,100,[ 88.  91. 100. 100.  95. 101.  70.  77.  74.  80.],[ 92.  97.  93.  74.  74.  94.  94.  70. 103.  90.],87.6,88.1,87.85,100.0,74.0,74.0,89.5,92.5,91.5
gLH_sBM_cAll_d18_mLH4_ch03,gLH,sBM,cAll,d18,mLH4,ch03,120,[101.  94.  89.  87.  90.  90.  94.  94.  87.],[120. 123. 128. 122. 115. 113. 113. 103. 103.],91.78,115.56,103.66666666666667,94.0,103.0,94.0,90.0,115.0,102.0
gJB_sBM_cAll_d09_mJB4_ch08,gJB,sBM,cAll,d09,mJB4,ch08,120,[131. 132. 135.  75. 116. 123. 120.  70.  84.],[120. 121. 126. 121. 115. 122. 116. 103.  98.],109.56,115.78,112.66666666666667,70.0,121.0,116.0,120.0,120.0,120.0
gJB_sBM_cAll_d08_mJB4_ch06,gJB,sBM,cAll,d08,mJB4,ch06,120,[116. 129. 144.  84.  85. 121. 114.  93. 100.],[ 75.  72. 135. 144. 100. 144.  97.  70.  75.],109.56,101.33,105.44444444444444,84.0,75.0,144.0,114.0,97.0,100.0
gKR_sBM_cAll_d29_mKR5_ch03,gKR,sBM,cAll,d29,mKR5,ch03,130,[105. 111. 103. 101. 128.  93. 101. 144.],[ 80.  70. 100.  70.  70.  70. 133. 137.],110.75,91.25,101.0,101.0,70.0,70.0,104.0,75.0,101.0
gLH_sBM_cAll_d18_mLH4_ch06,gLH,sBM,cAll,d18,mLH4,ch06,120,[124. 127. 126. 122. 139. 144. 116. 119. 113.],[144.  93.  93. 129.  70. 110. 119. 122. 124.],125.56,111.56,118.55555555555556,113.0,93.0,93.0,124.0,119.0,122.0
gLO_sBM_cAll_d13_mLO0_ch02,gLO,sBM,cAll,d13,mLO0,ch02,80,[132. 135. 130. 116.  80.  88.  88.  78. 131. 126. 125. 124. 116.],[ 90.  88.  88. 105. 144.  81.  78.  83.  85. 101. 144.  81.  76.],113.0,95.69,104.34615384615384,88.0,81.0,88.0,124.0,88.0,95.5
gLO_sFM_cAll_d13_mLO2_ch03,gLO,sFM,cAll,d13,mLO2,ch03,100,"[111. 117. 125. 121. 124. 144.  88.  85. 144. 104. 134. 142.  91.  90.
 117. 126. 132. 137.  82.  97.  70. 124. 139. 136. 119.  87.  77.  85.
 114. 129. 107. 109. 115. 107. 101. 103. 128.  92. 102.]","[141. 133.  89.  96. 101.  95. 107. 111.  96.  91. 132. 144.  96.  85.
  77.  84.  95.  96.  89.  79.  71. 117.  99.  87.  87.  87. 144. 138.
  91. 140. 123. 109.  98. 144. 144. 104. 105. 117. 131.]",111.67,107.0,109.33333333333333,85.0,96.0,144.0,114.0,99.0,107.0
gPO_sBM_cAll_d12_mPO4_ch02,gPO,sBM,cAll,d12,mPO4,ch02,120,[ 78.  80.  80.  70.  72.  83.  81.  73. 133.],[119. 121. 122. 122. 115. 120. 123. 107. 102.],83.33,116.78,100.05555555555556,80.0,122.0,80.0,80.0,120.0,104.5
gLO_sBM_cAll_d13_mLO2_ch04,gLO,sBM,cAll,d13,mLO2,ch04,100,[ 71. 112. 107.  99. 141. 124. 115.  70.  73. 113.],[104. 113.  73.  83. 123. 136. 137.  73.  78.  78.],102.5,99.8,101.15,70.0,73.0,73.0,109.5,93.5,105.5
gJS_sFM_cAll_d01_mJS4_ch05,gJS,sFM,cAll,d01,mJS4,ch05,120,"[ 78.  80.  96.  93.  85.  93. 126. 133.  79.  86.  83.  83. 117. 112.
  84.  86.  93. 144.  91. 102. 113. 129.  95. 103.  94.  82.  90. 105.
  96.  86.  82.  88.]","[ 93.  91. 128. 113. 116. 118. 123. 121. 101. 100. 119. 119. 116.  70.
 131. 132. 137. 125.  70.  76. 124. 111. 111. 121. 116. 100.  85.  97.
  70. 144. 115. 110.]",97.09,109.47,103.28125,86.0,70.0,93.0,93.0,115.5,100.5
gJB_sBM_cAll_d09_mJB5_ch10,gJB,sBM,cAll,d09,mJB5,ch10,130,[129.  70.  70.  70.  70. 123. 110.  98.],[144. 144. 144.  76.  92. 144. 103.  87.],92.5,116.75,104.625,70.0,144.0,70.0,84.0,123.5,100.5
gJS_sBM_cAll_d03_mJS4_ch02,gJS,sBM,cAll,d03,mJS4,ch02,120,[ 82. 123. 127.  70. 144. 139. 137. 132. 130.],[ 70.  76. 121. 133. 138.  98.  99.  87.  77.],120.44,99.89,110.16666666666667,70.0,70.0,70.0,130.0,98.0,122.0
gJB_sBM_cAll_d07_mJB0_ch09,gJB,sBM,cAll,d07,mJB0,ch09,80,[105. 120. 127. 135. 144.  89. 144. 142.  83.  93. 106. 128. 133.],[ 80.  79.  80.  81.  75.  76.  79.  82.  87.  90. 144.  76.  77.],119.15,85.08,102.11538461538461,144.0,76.0,144.0,127.0,80.0,89.5
gJS_sBM_cAll_d02_mJS4_ch01,gJS,sBM,cAll,d02,mJS4,ch01,120,[ 85.  77. 135. 134. 122.  84.  76.  71.  72.],[118.  70.  70. 124.  70.  74.  70.  70.  75.],95.11,82.33,88.72222222222223,71.0,70.0,70.0,84.0,70.0,75.5
gWA_sBM_cAll_d27_mWA4_ch04,gWA,sBM,cAll,d27,mWA4,ch04,120,[133. 135. 141.  76.  70.  70.  75.  70. 126.],[ 96. 111. 113. 144.  70. 118. 121. 131. 131.],99.56,115.0,107.27777777777777,70.0,131.0,70.0,76.0,118.0,115.5
gLO_sBM_cAll_d13_mLO3_ch05,gLO,sBM,cAll,d13,mLO3,ch05,110,[ 83. 135. 111. 105. 110. 110. 110. 112. 110.],[113. 109. 108. 111. 111. 110. 110. 110. 104.],109.56,109.56,109.55555555555556,110.0,110.0,110.0,110.0,110.0,110.0
gLO_sBM_cAll_d13_mLO0_ch08,gLO,sBM,cAll,d13,mLO0,ch08,80,[78. 81. 84. 81. 74. 81. 83. 75. 83. 81. 73. 75. 76.],[ 80.  81.  94. 107.  90.  81.  72.  86. 115. 106.  88.  79.  78.],78.85,89.0,83.92307692307692,81.0,81.0,81.0,81.0,86.0,81.0
gHO_sBM_cAll_d19_mHO2_ch03,gHO,sBM,cAll,d19,mHO2,ch03,120,[ 77.  84.  92. 114. 121. 126. 121. 130. 133.],[107. 108. 116. 123. 127. 128. 124. 119. 117.],110.89,118.78,114.83333333333333,121.0,107.0,121.0,121.0,119.0,120.0
gMH_sBM_cAll_d23_mMH5_ch01,gMH,sBM,cAll,d23,mMH5,ch01,130,[ 97. 102. 112. 124. 123. 125. 124. 121.],[ 98. 101. 104. 122. 120. 125. 125. 121.],116.0,114.5,115.25,124.0,125.0,125.0,122.0,120.5,121.0
gWA_sBM_cAll_d26_mWA1_ch09,gWA,sBM,cAll,d26,mWA1,ch09,90,[ 91.  82.  87.  84.  85. 100. 100. 107. 121. 126. 111.],[ 95. 100. 105.  99. 144. 140. 144. 101. 117. 122. 119.],99.45,116.91,108.18181818181819,100.0,144.0,100.0,100.0,117.0,103.0
gHO_sBM_cAll_d21_mHO2_ch02,gHO,sBM,cAll,d21,mHO2,ch02,120,[118. 116. 118. 124. 124. 118. 118. 117. 116.],[114. 115. 118. 122. 120. 118. 120. 121. 120.],118.78,118.67,118.72222222222223,118.0,120.0,118.0,118.0,120.0,118.0
gJS_sBM_cAll_d01_mJS3_ch04,gJS,sBM,cAll,d01,mJS3,ch04,110,[131. 140. 144. 134. 129. 130. 119.  97. 100.],[ 78.  73. 103. 104. 110. 105.  85.  96. 100.],124.89,94.89,109.88888888888889,97.0,73.0,100.0,130.0,100.0,104.5
gLH_sBM_cAll_d16_mLH2_ch01,gLH,sBM,cAll,d16,mLH2,ch01,100,[109. 100.  97. 100.  99. 100. 101. 101. 104. 107.],[114. 107. 144. 144. 144. 144. 144. 144. 144.  98.],101.8,132.7,117.25,100.0,144.0,144.0,100.5,144.0,107.0
gKR_sBM_cAll_d30_mKR4_ch03,gKR,sBM,cAll,d30,mKR4,ch03,120,[125. 127. 120. 121.  70.  76.  91.  88.  84.],[ 94.  86.  88.  92.  94.  93.  90.  97. 103.],100.22,93.0,96.61111111111111,70.0,94.0,88.0,91.0,93.0,92.5
gHO_sBM_cAll_d19_mHO2_ch08,gHO,sBM,cAll,d19,mHO2,ch08,120,[ 89.  99. 118.  83. 102. 110. 120. 114. 144.],[101. 125. 125. 119. 122. 117. 120. 113. 123.],108.78,118.33,113.55555555555556,83.0,125.0,120.0,110.0,120.0,117.5
gJS_sBM_cAll_d02_mJS0_ch08,gJS,sBM,cAll,d02,mJS0,ch08,80,[111. 111. 109.  70.  93.  70.  70.  98. 113.  70.  93. 144. 144.],[73. 78. 82. 81. 81. 78. 80. 80. 79. 78. 84. 87. 76.],99.69,79.77,89.73076923076923,70.0,78.0,70.0,98.0,80.0,81.0
gWA_sFM_cAll_d25_mWA1_ch02,gWA,sFM,cAll,d25,mWA1,ch02,90,"[138. 144. 143. 144. 110.  70.  71. 111. 108.  97. 144. 113. 104.  93.
  83.  76.  70. 134. 144. 144. 108. 111. 117. 129. 102. 107. 124. 123.
 120. 106. 109.  76.  77.  70. 115. 105. 114.  97.  97.  96.  90.  88.
  86.]","[102.  93.  86. 144.  92.  91.  99. 123.  92.  93. 105. 121. 138.  95.
  96.  90.  92.  87. 116.  95.  81.  77. 113. 103. 104.  94.  96. 110.
 124. 122. 113. 109. 110. 114. 107. 125. 118.  91.  92.  85.  89.  92.
  89.]",107.16,102.51,104.83720930232558,144.0,92.0,144.0,108.0,96.0,104.0
gPO_sBM_cAll_d11_mPO0_ch09,gPO,sBM,cAll,d11,mPO0,ch09,80,[ 83.  70.  71.  85.  90.  85.  76.  70. 131. 122. 127.  70. 138.],[136. 133.  86.  84.  97. 112. 110. 117. 125. 124. 119.  96.  86.],93.69,109.62,101.65384615384616,70.0,86.0,70.0,85.0,112.0,96.5
gKR_sBM_cAll_d29_mKR1_ch06,gKR,sBM,cAll,d29,mKR1,ch06,90,[115. 116. 120. 125.  99.  95. 119. 114. 103. 144.  93.],[144. 144. 140. 144. 140. 131. 135. 143.  80.  95. 103.],113.0,127.18,120.0909090909091,93.0,144.0,144.0,115.0,140.0,119.5
gKR_sBM_cAll_d28_mKR0_ch10,gKR,sBM,cAll,d28,mKR0,ch10,80,[ 88.  88.  97. 103. 106.  97. 101.  70.  70. 144. 105. 106. 103.],[ 79. 142. 143. 144. 140. 142.  71.  77.  86.  79. 144.  79.  76.],98.31,107.85,103.07692307692308,70.0,79.0,79.0,101.0,86.0,99.0
gKR_sFM_cAll_d29_mKR4_ch12,gKR,sFM,cAll,d29,mKR4,ch12,120,"[143. 140. 143.  87.  92. 144. 144. 122.  77.  93. 133. 110.  98. 144.
 133. 128. 131. 126. 136. 122. 111. 109. 115. 124.  84.  99. 135. 144.
  88. 126. 130. 137.]","[117. 113. 125. 136. 126. 111. 108. 132. 144. 108. 104.  84.  77. 137.
 132. 121. 125. 130. 126. 111.  96. 101. 117. 110. 108.  90. 101. 106.
  96.  88. 144.  71.]",120.25,112.34,116.296875,144.0,108.0,144.0,126.0,111.0,119.0
gHO_sFM_cAll_d19_mHO1_ch02,gHO,sFM,cAll,d19,mHO1,ch02,115,"[129.  70. 144. 144. 143. 134. 137. 130. 128. 117. 117. 117.  87. 112.
 133. 102. 108.  90.  88. 140.  98. 120. 116.  99. 104. 114. 127. 125.
 117.  70.  70. 114. 115. 125.]","[119. 119. 115. 111. 111. 114. 119. 116. 115. 107. 105. 113. 123. 126.
  78. 103. 117. 121. 118. 109. 115. 121. 112. 110. 120. 118. 113. 118.
 118. 118. 106. 104. 117. 139.]",114.24,114.35,114.29411764705883,117.0,118.0,117.0,117.0,115.5,116.5
gKR_sFM_cAll_d29_mKR2_ch10,gKR,sFM,cAll,d29,mKR2,ch10,100,"[ 96.  90. 144. 144. 144.  70.  72. 144. 102. 103. 120. 120. 121. 131.
 131. 119.  95.  85.  84. 138. 144. 144. 144. 101.  97. 144. 144. 107.
 100. 141. 144.  96.  96. 107. 112. 144. 134. 130.  86.]","[117. 111. 114. 123. 115. 121. 126. 119. 118. 107. 100. 109. 109.  99.
 109. 113. 101.  98.  99. 102. 100. 106. 137. 142. 131. 130.  95. 110.
 116. 130.  90.  80.  80.  96. 116. 128. 144.  84.  85.]",117.13,110.51,113.82051282051282,144.0,109.0,144.0,120.0,110.0,112.5
gPO_sBM_cAll_d11_mPO4_ch10,gPO,sBM,cAll,d11,mPO4,ch10,120,[ 88.  77.  70. 142. 133. 104. 138. 130. 123.],[101. 144. 141. 102.  96. 104. 120. 115.  96.],111.67,113.22,112.44444444444444,70.0,96.0,96.0,123.0,104.0,109.5
gHO_sBM_cAll_d19_mHO1_ch04,gHO,sBM,cAll,d19,mHO1,ch04,115,[ 72.  70. 117. 115. 113. 117. 121. 118. 116.],[105. 108. 111. 114. 115. 116. 118. 119. 121.],106.56,114.11,110.33333333333333,117.0,105.0,115.0,116.0,115.0,115.5
gPO_sBM_cAll_d10_mPO2_ch06,gPO,sBM,cAll,d10,mPO2,ch06,100,[133. 130. 124. 104.  91.  89.  97.  85.  79.  73.],[106.  94. 102. 128. 138. 144.  77.  81.  96. 107.],100.5,107.3,103.9,73.0,77.0,73.0,94.0,104.0,99.5
gHO_sBM_cAll_d20_mHO4_ch05,gHO,sBM,cAll,d20,mHO4,ch05,130,[129. 129. 130. 132. 131. 129. 129. 131.],[129. 129.  70. 144. 134. 128. 125. 113.],130.0,121.5,125.75,129.0,129.0,129.0,129.5,128.5,129.0
gPO_sBM_cAll_d12_mPO5_ch03,gPO,sBM,cAll,d12,mPO5,ch03,130,[123. 125. 125. 119.  95.  89. 128. 131.],[118. 126. 128. 129. 134. 140. 118.  71.],116.88,120.5,118.6875,125.0,118.0,118.0,124.0,127.0,125.0
gWA_sBM_cAll_d26_mWA1_ch07,gWA,sBM,cAll,d26,mWA1,ch07,90,[ 93.  91.  92.  82.  83.  90.  98. 106. 112. 144. 144.],[ 99. 113. 144. 144.  76.  73.  89. 102.  83. 143. 140.],103.18,109.64,106.4090909090909,144.0,144.0,144.0,93.0,102.0,98.5
gKR_sBM_cAll_d28_mKR2_ch04,gKR,sBM,cAll,d28,mKR2,ch04,100,[91. 85. 79. 73. 76. 72. 79. 81. 74. 77.],[143.  91.  97. 103. 144. 109. 103. 100. 111. 112.],78.7,111.3,95.0,79.0,103.0,79.0,78.0,106.0,91.0
gWA_sFM_cAll_d26_mWA2_ch10,gWA,sFM,cAll,d26,mWA2,ch10,100,"[131. 123. 123. 132.  98. 113. 123. 122. 111. 144. 136. 115. 117. 118.
 134. 143. 115. 125. 131. 120. 117. 127.  88.  98.  89.  74. 129. 137.
  72. 101. 144. 113. 104.  97.  93. 105. 115. 132. 122.]","[ 77.  71. 114.  92. 126.  70.  72. 115. 115. 110. 103.  74.  74.  70.
  83. 103.  98. 112. 129. 133. 117. 107. 110. 114. 117. 121.  91. 115.
 119. 131. 104. 100.  90.  91.  97.  99. 142. 121. 117.]",116.18,103.69,109.93589743589743,115.0,115.0,115.0,118.0,107.0,114.5
gLO_sBM_cAll_d15_mLO4_ch03,gLO,sBM,cAll,d15,mLO4,ch03,120,[142. 142. 133. 128. 136. 139. 133. 135. 144.],[116. 111.  75.  78.  77.  70. 107.  92.  91.],136.89,90.78,113.83333333333333,133.0,70.0,133.0,136.0,91.0,122.0
gMH_sFM_cAll_d24_mMH1_ch16,gMH,sFM,cAll,d24,mMH1,ch16,90,"[ 75.  80.  86.  80.  70. 113. 101.  92.  71.  75.  82. 138. 132. 144.
 144.  86. 127.  89.  85.  87.  86. 138.  96.  71. 107. 117. 119. 144.
  75.  78.  72. 107.  96.  87.  91.  98.  92.  87.  87. 102.  91.  86.
  98.]","[111. 121. 120. 106. 119.  81.  94. 114. 110. 105. 106.  91. 127. 120.
 118. 108. 108. 107. 103. 144. 144. 144. 137.  81. 144. 125. 100.  98.
  96.  79.  70. 144.  90.  89.  92.  96. 144.  84. 101. 111. 120. 133.
 132.]",97.26,110.86,104.05813953488372,86.0,144.0,144.0,91.0,108.0,100.5
gPO_sBM_cAll_d12_mPO4_ch05,gPO,sBM,cAll,d12,mPO4,ch05,120,[144. 108.  84.  73.  71.  81.  91. 134. 141.],[ 95. 110. 122. 123. 125. 133. 132. 134. 144.],103.0,124.22,113.61111111111111,71.0,95.0,134.0,91.0,125.0,122.5
gJS_sBM_cAll_d01_mJS2_ch08,gJS,sBM,cAll,d01,mJS2,ch08,100,[138.  70. 128. 122. 122. 126. 125. 128. 132. 134.],[100. 100. 101. 102.  99.  92. 105. 104. 112. 122.],122.5,103.7,113.1,122.0,100.0,122.0,127.0,101.5,117.0
gHO_sBM_cAll_d20_mHO1_ch06,gHO,sBM,cAll,d20,mHO1,ch06,115,[ 71.  78. 110.  73.  71.  76.  70.  70.  75.],[118. 119. 119. 115. 117. 118. 116. 114. 119.],77.11,117.22,97.16666666666667,70.0,119.0,119.0,73.0,118.0,112.0
gHO_sFM_cAll_d20_mHO3_ch11,gHO,sFM,cAll,d20,mHO3,ch11,125,"[ 93.  95.  96.  93. 107.  75. 144. 135.  81.  70. 128. 129. 129. 135.
 127. 124. 122. 120.  78.  87. 101.  91.  88. 108. 127.  78.  79.  70.
  70.  98.  72.]","[119. 119. 128. 125. 129. 126. 117. 123. 131. 127. 122. 128. 129. 117.
 112. 122. 118. 122.  88.  83.  75. 144. 143. 113. 110. 100. 133. 129.
 130. 119. 105.]",101.61,118.9,110.25806451612904,70.0,119.0,129.0,96.0,122.0,118.5
gLH_sBM_cAll_d18_mLH5_ch07,gLH,sBM,cAll,d18,mLH5,ch07,130,[116. 132. 133. 130. 131. 101. 104. 128.],[122. 130. 132. 125. 132. 131. 127. 127.],121.88,128.25,125.0625,101.0,127.0,132.0,129.0,128.5,129.0
gWA_sBM_cAll_d26_mWA5_ch03,gWA,sBM,cAll,d26,mWA5,ch03,130,[131. 126.  94.  92.  85. 124.  99.  97.],[118. 122. 116. 112.  72.  82.  82.  88.],106.0,99.0,102.5,85.0,82.0,82.0,98.0,100.0,98.0
gHO_sBM_cAll_d20_mHO5_ch08,gHO,sBM,cAll,d20,mHO5,ch08,135,[144. 137. 132. 138. 112. 102.  89. 137.],[136. 132. 130. 136. 137. 134. 131. 131.],123.88,133.38,128.625,137.0,131.0,137.0,134.5,133.0,133.0
gJB_sBM_cAll_d07_mJB1_ch04,gJB,sBM,cAll,d07,mJB1,ch04,90,[131. 120. 100.  86.  83.  70.  73.  71.  76.  80.  84.],[138.  76.  84. 101.  97.  90. 100.  90.  70. 112.  75.],88.55,93.91,91.22727272727273,70.0,90.0,70.0,83.0,90.0,85.0
