,mode,axis,acc1,acc2,acc3,hits_idx,hits_dbl_idx,hits_hf_idx
0,bi,bpm_avg_x,45.78672632363908,46.15958240119314,46.15958240119314,"[0, 1, 3, 4, 5, 7, 8, 10, 12, 13, 14, 15, 18, 20, 21, 22, 23, 29, 30, 32, 34, 39, 42, 43, 44, 45, 46, 50, 51, 54, 60, 61, 62, 63, 64, 65, 66, 69, 76, 78, 84, 86, 87, 93, 98, 99, 100, 101, 104, 105, 108, 112, 116, 123, 124, 125, 126, 127, 130, 131, 132, 133, 138, 139, 141, 142, 143, 146, 152, 153, 154, 155, 158, 160, 161, 162, 163, 164, 167, 168, 169, 171, 172, 174, 175, 177, 179, 180, 182, 184, 185, 191, 192, 193, 194, 195, 196, 197, 202, 205, 206, 208, 209, 215, 216, 219, 221, 222, 223, 224, 225, 226, 227, 229, 236, 237, 238, 239, 242, 243, 245, 247, 248, 250, 251, 254, 255, 258, 259, 262, 263, 264, 265, 266, 269, 270, 271, 273, 275, 280, 281, 284, 287, 288, 289, 290, 291, 292, 293, 296, 297, 299, 304, 310, 313, 315, 317, 318, 320, 321, 322, 325, 326, 329, 330, 331, 333, 335, 338, 340, 344, 349, 356, 359, 360, 365, 370, 371, 375, 377, 379, 382, 383, 384, 390, 392, 393, 397, 399, 400, 403, 406, 410, 412, 413, 416, 417, 419, 420, 421, 423, 428, 430, 437, 439, 440, 441, 442, 447, 448, 450, 454, 456, 457, 458, 463, 465, 467, 469, 471, 478, 479, 480, 481, 483, 485, 487, 489, 494, 495, 500, 502, 505, 507, 508, 510, 512, 518, 519, 526, 532, 534, 535, 539, 540, 544, 546, 551, 552, 553, 558, 567, 568, 572, 573, 574, 576, 580, 583, 589, 592, 595, 596, 597, 598, 599, 600, 603, 605, 608, 612, 613, 619, 620, 621, 622, 625, 627, 629, 631, 632, 633, 634, 637, 638, 640, 645, 647, 652, 653, 657, 658, 659, 661, 664, 665, 667, 668, 669, 670, 672, 674, 676, 677, 679, 680, 682, 683, 685, 687, 689, 693, 698, 699, 702, 707, 708, 710, 711, 712, 715, 720, 721, 722, 723, 724, 728, 729, 731, 733, 736, 742, 745, 748, 749, 750, 752, 756, 759, 760, 761, 762, 765, 767, 770, 771, 773, 775, 778, 779, 781, 784, 785, 787, 791, 793, 795, 797, 801, 804, 806, 807, 809, 811, 813, 814, 816, 818, 820, 822, 823, 824, 826, 827, 831, 834, 837, 839, 842, 844, 845, 846, 847, 849, 850, 852, 854, 858, 859, 861, 865, 866, 867, 868, 870, 871, 873, 874, 875, 877, 881, 883, 884, 885, 887, 889, 890, 891, 892, 893, 897, 899, 900, 902, 903, 904, 905, 909, 911, 912, 913, 915, 919, 920, 921, 923, 925, 927, 935, 937, 938, 940, 941, 942, 947, 950, 951, 953, 964, 965, 970, 971, 974, 979, 981, 985, 987, 989, 990, 992, 993, 994, 995, 996, 997, 999, 1001, 1002, 1005, 1008, 1011, 1013, 1015, 1016, 1019, 1020, 1021, 1022, 1024, 1025, 1026, 1027, 1028, 1030, 1031, 1035, 1037, 1041, 1042, 1044, 1051, 1053, 1054, 1055, 1056, 1057, 1058, 1059, 1061, 1070, 1075, 1077, 1078, 1079, 1082, 1083, 1084, 1088, 1090, 1094, 1096, 1098, 1099, 1106, 1107, 1108, 1110, 1111, 1112, 1115, 1119, 1122, 1127, 1128, 1129, 1132, 1133, 1136, 1138, 1140, 1143, 1146, 1148, 1149, 1151, 1152, 1157, 1160, 1163, 1164, 1165, 1166, 1167, 1168, 1169, 1170, 1174, 1176, 1177, 1178, 1184, 1186, 1188, 1189, 1190, 1192, 1196, 1197, 1198, 1199, 1200, 1203, 1205, 1207, 1210, 1211, 1218, 1221, 1224, 1226, 1228, 1229, 1232, 1235, 1237, 1238, 1239, 1240, 1241, 1244, 1246, 1252, 1254, 1255, 1256, 1257, 1258, 1261, 1262, 1263, 1269, 1270, 1275, 1278, 1280, 1281, 1285, 1287, 1289, 1290, 1291, 1292, 1293, 1294, 1297, 1298, 1299, 1301, 1304, 1305, 1307, 1308, 1310, 1312, 1313, 1314, 1320, 1321, 1324, 1327, 1330, 1331, 1333, 1335]",[],"[83, 328, 363, 373, 975]"
1,bi,bpm_avg_y,45.04101416853095,45.71215510812826,45.71215510812826,"[0, 12, 13, 15, 16, 20, 21, 22, 29, 30, 34, 39, 43, 44, 45, 46, 49, 50, 56, 57, 59, 60, 61, 64, 65, 70, 76, 78, 84, 86, 88, 98, 99, 100, 106, 108, 109, 115, 116, 118, 125, 126, 127, 129, 130, 131, 132, 133, 136, 138, 139, 143, 145, 152, 155, 156, 159, 161, 162, 163, 164, 167, 169, 174, 175, 178, 185, 194, 195, 197, 206, 207, 211, 212, 215, 216, 218, 219, 221, 222, 223, 225, 226, 231, 234, 236, 239, 242, 243, 245, 247, 248, 249, 250, 251, 252, 255, 258, 259, 260, 262, 264, 266, 270, 271, 272, 277, 280, 281, 285, 287, 288, 289, 290, 292, 293, 294, 296, 299, 301, 306, 309, 310, 313, 315, 317, 318, 320, 321, 322, 323, 324, 325, 326, 329, 330, 331, 332, 333, 335, 344, 345, 352, 353, 355, 356, 359, 360, 361, 364, 365, 369, 370, 371, 373, 374, 375, 377, 380, 383, 384, 389, 393, 396, 400, 410, 412, 413, 416, 417, 419, 420, 422, 423, 426, 428, 430, 433, 434, 435, 436, 439, 440, 441, 445, 448, 452, 454, 457, 458, 460, 463, 465, 467, 471, 472, 475, 478, 479, 483, 484, 485, 489, 493, 500, 502, 505, 510, 511, 512, 515, 519, 527, 528, 529, 531, 532, 533, 534, 535, 537, 539, 540, 545, 546, 547, 551, 552, 555, 556, 558, 560, 566, 567, 569, 570, 571, 572, 573, 574, 577, 578, 579, 580, 581, 583, 584, 586, 589, 590, 592, 595, 598, 599, 602, 603, 605, 608, 610, 613, 618, 620, 621, 622, 624, 625, 626, 627, 629, 630, 631, 632, 635, 637, 643, 645, 647, 649, 650, 651, 653, 654, 657, 659, 661, 664, 665, 666, 667, 669, 670, 671, 673, 674, 675, 676, 677, 678, 679, 683, 687, 689, 691, 693, 699, 707, 708, 710, 711, 712, 715, 718, 721, 728, 729, 731, 733, 735, 736, 737, 738, 742, 744, 745, 747, 748, 749, 750, 752, 758, 759, 761, 762, 765, 766, 767, 769, 770, 771, 773, 775, 778, 781, 783, 785, 787, 789, 793, 795, 798, 799, 800, 801, 802, 803, 804, 805, 806, 807, 809, 811, 813, 814, 816, 817, 818, 819, 820, 822, 823, 824, 826, 827, 831, 834, 836, 837, 838, 839, 842, 844, 845, 846, 847, 851, 852, 854, 856, 861, 863, 865, 867, 870, 871, 873, 874, 875, 877, 879, 884, 885, 887, 890, 892, 896, 897, 898, 902, 903, 909, 911, 912, 914, 915, 921, 927, 930, 932, 937, 940, 941, 945, 946, 951, 952, 953, 954, 957, 959, 960, 961, 962, 964, 965, 969, 970, 971, 975, 976, 985, 989, 990, 992, 993, 995, 996, 999, 1000, 1008, 1010, 1011, 1012, 1013, 1018, 1020, 1021, 1022, 1023, 1024, 1025, 1026, 1027, 1029, 1030, 1032, 1034, 1036, 1037, 1040, 1042, 1044, 1045, 1050, 1053, 1054, 1055, 1056, 1057, 1058, 1070, 1072, 1077, 1078, 1079, 1082, 1084, 1086, 1088, 1089, 1092, 1093, 1098, 1099, 1100, 1102, 1103, 1104, 1106, 1107, 1108, 1111, 1112, 1113, 1115, 1125, 1128, 1129, 1132, 1138, 1139, 1141, 1146, 1148, 1149, 1150, 1154, 1155, 1160, 1163, 1164, 1166, 1168, 1173, 1177, 1178, 1181, 1182, 1184, 1186, 1188, 1190, 1191, 1193, 1196, 1197, 1198, 1199, 1201, 1207, 1209, 1210, 1212, 1218, 1220, 1221, 1224, 1225, 1226, 1227, 1229, 1232, 1235, 1238, 1240, 1241, 1246, 1252, 1255, 1256, 1258, 1259, 1261, 1262, 1263, 1268, 1269, 1270, 1272, 1275, 1276, 1278, 1279, 1282, 1284, 1285, 1287, 1290, 1291, 1292, 1293, 1294, 1297, 1298, 1299, 1304, 1305, 1307, 1308, 1310, 1311, 1312, 1313, 1319, 1320, 1321, 1323, 1324, 1327, 1331, 1333, 1334, 1336, 1338, 1339]",[],"[1, 124, 237, 273, 350, 397, 724, 850, 1206]"
2,bi,bpm_avg_xy,48.69500372856078,48.69500372856078,48.69500372856078,"[0, 3, 4, 12, 13, 15, 20, 21, 22, 23, 29, 30, 34, 39, 42, 43, 44, 45, 46, 49, 50, 51, 54, 57, 59, 60, 61, 62, 64, 65, 66, 70, 76, 78, 84, 86, 87, 88, 98, 99, 100, 104, 108, 112, 116, 118, 121, 122, 123, 125, 126, 127, 129, 130, 131, 132, 133, 136, 138, 139, 142, 143, 145, 152, 155, 159, 160, 161, 162, 163, 164, 167, 168, 169, 171, 172, 174, 175, 177, 179, 180, 185, 192, 194, 195, 197, 202, 205, 206, 207, 208, 209, 211, 212, 215, 216, 219, 221, 222, 223, 225, 226, 234, 236, 238, 239, 242, 243, 245, 247, 248, 249, 250, 251, 255, 257, 258, 259, 262, 264, 266, 270, 271, 272, 275, 276, 280, 281, 284, 287, 288, 289, 290, 291, 292, 293, 294, 296, 297, 299, 301, 304, 309, 310, 313, 315, 317, 318, 320, 321, 322, 323, 324, 325, 326, 329, 330, 331, 333, 335, 340, 344, 345, 352, 355, 356, 359, 360, 361, 365, 369, 370, 371, 374, 375, 377, 379, 382, 383, 384, 389, 390, 393, 396, 399, 400, 403, 406, 410, 412, 413, 416, 417, 419, 420, 421, 423, 428, 430, 433, 434, 436, 437, 439, 440, 441, 445, 448, 450, 452, 454, 457, 458, 460, 463, 465, 467, 469, 471, 478, 479, 480, 483, 485, 487, 489, 493, 494, 495, 496, 500, 502, 505, 507, 508, 510, 511, 512, 515, 518, 519, 527, 531, 532, 534, 535, 538, 539, 540, 544, 545, 546, 547, 548, 551, 552, 553, 558, 560, 567, 568, 570, 571, 572, 573, 574, 578, 579, 580, 583, 584, 587, 589, 590, 592, 595, 596, 597, 598, 599, 600, 602, 603, 605, 608, 610, 613, 619, 620, 621, 622, 624, 625, 626, 627, 629, 630, 631, 632, 633, 637, 638, 642, 643, 645, 647, 649, 650, 651, 653, 654, 657, 658, 659, 661, 664, 665, 667, 668, 669, 670, 671, 673, 674, 675, 676, 677, 678, 679, 680, 683, 684, 687, 689, 691, 693, 698, 699, 702, 707, 708, 710, 711, 712, 715, 720, 721, 722, 723, 728, 729, 731, 733, 735, 736, 742, 744, 745, 748, 749, 750, 752, 756, 759, 760, 761, 762, 765, 766, 767, 769, 770, 771, 773, 775, 778, 779, 781, 784, 785, 787, 789, 790, 791, 793, 795, 798, 799, 801, 803, 804, 805, 806, 807, 809, 810, 811, 813, 814, 816, 818, 820, 822, 823, 824, 826, 827, 831, 834, 837, 839, 842, 844, 845, 846, 847, 851, 852, 854, 858, 859, 861, 863, 865, 866, 867, 870, 871, 873, 874, 875, 877, 879, 883, 884, 885, 887, 889, 890, 892, 896, 897, 898, 902, 903, 909, 911, 912, 914, 915, 920, 921, 923, 925, 927, 937, 940, 941, 942, 945, 947, 950, 951, 952, 953, 954, 957, 960, 964, 965, 969, 970, 971, 974, 976, 979, 985, 989, 990, 992, 993, 995, 996, 999, 1002, 1008, 1011, 1012, 1013, 1015, 1018, 1020, 1021, 1022, 1024, 1025, 1026, 1027, 1028, 1029, 1030, 1032, 1034, 1036, 1037, 1040, 1041, 1042, 1044, 1045, 1047, 1050, 1053, 1054, 1055, 1056, 1057, 1058, 1059, 1061, 1070, 1072, 1075, 1077, 1078, 1079, 1082, 1083, 1084, 1088, 1089, 1090, 1092, 1093, 1094, 1098, 1099, 1103, 1106, 1107, 1108, 1111, 1112, 1113, 1115, 1117, 1125, 1127, 1128, 1129, 1132, 1133, 1138, 1139, 1140, 1143, 1146, 1148, 1149, 1151, 1154, 1157, 1160, 1163, 1164, 1166, 1168, 1169, 1173, 1176, 1177, 1178, 1182, 1184, 1186, 1188, 1190, 1191, 1193, 1196, 1197, 1198, 1199, 1200, 1201, 1203, 1207, 1209, 1210, 1218, 1220, 1221, 1224, 1225, 1226, 1227, 1228, 1229, 1232, 1235, 1237, 1238, 1239, 1240, 1241, 1246, 1252, 1254, 1255, 1256, 1257, 1258, 1259, 1261, 1262, 1263, 1269, 1270, 1275, 1276, 1278, 1279, 1280, 1285, 1287, 1290, 1291, 1292, 1293, 1294, 1297, 1298, 1299, 1301, 1303, 1304, 1305, 1307, 1308, 1310, 1312, 1313, 1320, 1321, 1324, 1327, 1331, 1333, 1334, 1335, 1336, 1338, 1339]",[],[]
3,bi,bpm_mode_x,33.557046979865774,42.95302013422819,42.95302013422819,"[0, 3, 5, 8, 9, 10, 12, 13, 14, 17, 23, 30, 35, 39, 40, 42, 43, 45, 48, 50, 55, 64, 66, 67, 71, 72, 75, 76, 86, 90, 91, 104, 113, 117, 118, 119, 121, 123, 127, 129, 133, 138, 140, 141, 143, 144, 146, 147, 152, 153, 154, 155, 157, 160, 161, 164, 165, 174, 177, 180, 181, 183, 188, 189, 190, 194, 196, 202, 203, 204, 205, 209, 214, 215, 216, 219, 222, 223, 226, 228, 233, 234, 238, 246, 250, 251, 254, 259, 265, 266, 270, 271, 273, 275, 286, 287, 295, 301, 305, 310, 311, 312, 315, 318, 319, 331, 332, 333, 335, 336, 337, 339, 340, 341, 344, 346, 348, 356, 367, 370, 372, 379, 380, 381, 382, 384, 385, 386, 388, 390, 391, 393, 396, 397, 398, 399, 400, 403, 409, 410, 412, 417, 419, 421, 424, 428, 430, 431, 434, 435, 439, 440, 441, 442, 443, 446, 450, 452, 453, 461, 463, 467, 468, 469, 470, 473, 478, 479, 481, 482, 483, 485, 487, 488, 490, 492, 494, 495, 496, 497, 498, 499, 501, 508, 514, 521, 522, 528, 532, 534, 540, 542, 557, 559, 561, 568, 570, 573, 575, 576, 578, 582, 587, 589, 590, 592, 595, 597, 598, 599, 602, 606, 608, 621, 624, 627, 628, 629, 631, 637, 638, 641, 645, 647, 649, 655, 656, 657, 658, 659, 664, 665, 668, 670, 673, 674, 676, 681, 682, 686, 694, 698, 706, 710, 714, 715, 724, 727, 728, 734, 748, 752, 756, 757, 761, 762, 767, 773, 775, 777, 781, 782, 786, 787, 792, 794, 795, 797, 802, 807, 809, 811, 815, 821, 824, 837, 839, 842, 846, 848, 849, 850, 852, 855, 858, 859, 861, 863, 866, 868, 870, 872, 879, 880, 885, 886, 894, 898, 904, 905, 907, 908, 910, 911, 936, 940, 941, 942, 951, 958, 959, 963, 964, 968, 980, 981, 984, 985, 986, 987, 989, 990, 994, 995, 997, 999, 1000, 1002, 1004, 1006, 1011, 1015, 1019, 1023, 1026, 1030, 1031, 1041, 1043, 1047, 1049, 1054, 1055, 1057, 1061, 1062, 1063, 1075, 1080, 1084, 1094, 1099, 1100, 1104, 1106, 1107, 1108, 1110, 1111, 1112, 1113, 1116, 1119, 1120, 1122, 1124, 1129, 1132, 1133, 1134, 1136, 1137, 1139, 1140, 1142, 1143, 1144, 1151, 1160, 1164, 1167, 1169, 1170, 1174, 1175, 1179, 1181, 1182, 1184, 1185, 1189, 1190, 1191, 1194, 1195, 1197, 1198, 1203, 1204, 1205, 1208, 1209, 1210, 1214, 1217, 1219, 1221, 1228, 1229, 1231, 1233, 1235, 1237, 1241, 1243, 1244, 1245, 1249, 1250, 1255, 1256, 1257, 1258, 1262, 1266, 1270, 1271, 1275, 1277, 1278, 1280, 1285, 1286, 1288, 1291, 1292, 1294, 1295, 1296, 1307, 1311, 1314, 1318, 1324, 1327, 1333, 1334, 1335, 1337, 1340]",[],"[18, 27, 59, 70, 83, 100, 106, 108, 109, 124, 172, 175, 178, 184, 207, 211, 224, 231, 249, 269, 272, 285, 290, 294, 299, 314, 316, 323, 326, 328, 355, 363, 364, 369, 373, 374, 375, 377, 426, 427, 433, 447, 458, 471, 512, 515, 526, 533, 547, 563, 571, 584, 596, 603, 610, 630, 635, 643, 650, 651, 661, 669, 671, 675, 684, 689, 707, 731, 732, 735, 742, 746, 749, 750, 759, 764, 766, 778, 789, 790, 791, 857, 865, 871, 873, 914, 931, 935, 938, 953, 954, 960, 965, 969, 975, 1001, 1032, 1036, 1040, 1050, 1072, 1086, 1089, 1091, 1092, 1103, 1117, 1123, 1125, 1138, 1150, 1166, 1168, 1176, 1206, 1212, 1227, 1234, 1279, 1300, 1304, 1313, 1323, 1326, 1331, 1339]"
4,bi,bpm_mode_y,32.736763609246836,45.04101416853095,45.04101416853095,"[0, 4, 8, 9, 10, 11, 13, 16, 20, 22, 24, 29, 33, 34, 36, 39, 43, 49, 50, 57, 59, 64, 66, 69, 70, 76, 78, 79, 86, 88, 89, 90, 92, 95, 99, 109, 118, 120, 123, 128, 129, 132, 134, 137, 138, 140, 141, 147, 154, 157, 159, 161, 163, 165, 166, 167, 169, 170, 174, 177, 188, 203, 206, 207, 208, 209, 211, 214, 215, 219, 226, 227, 229, 232, 233, 240, 245, 247, 249, 255, 262, 266, 270, 276, 277, 278, 280, 281, 284, 285, 286, 288, 290, 291, 293, 294, 297, 298, 309, 311, 312, 315, 317, 318, 319, 323, 325, 326, 327, 331, 337, 338, 343, 346, 355, 359, 360, 361, 364, 368, 372, 373, 374, 376, 380, 384, 385, 386, 391, 393, 398, 404, 407, 409, 415, 416, 417, 418, 423, 425, 428, 431, 433, 434, 441, 443, 445, 446, 448, 449, 457, 458, 460, 461, 462, 463, 465, 470, 472, 473, 481, 483, 484, 485, 491, 495, 497, 498, 499, 500, 501, 503, 504, 512, 521, 524, 528, 535, 542, 545, 547, 550, 552, 554, 557, 558, 559, 562, 564, 565, 566, 574, 578, 579, 580, 581, 584, 591, 594, 596, 603, 604, 606, 608, 614, 619, 620, 621, 626, 629, 633, 639, 643, 648, 650, 651, 653, 665, 666, 670, 671, 674, 675, 676, 677, 683, 685, 687, 689, 695, 701, 705, 712, 715, 723, 727, 731, 735, 736, 737, 741, 744, 747, 753, 758, 759, 766, 767, 770, 771, 773, 778, 782, 785, 787, 789, 794, 800, 802, 803, 806, 807, 809, 812, 813, 814, 816, 818, 819, 822, 825, 826, 828, 830, 831, 836, 838, 839, 841, 843, 844, 847, 852, 853, 856, 858, 860, 861, 871, 879, 887, 892, 894, 902, 903, 904, 908, 909, 910, 920, 921, 924, 926, 927, 928, 930, 933, 936, 937, 940, 941, 944, 945, 952, 953, 954, 959, 962, 964, 968, 969, 970, 975, 981, 983, 987, 988, 993, 999, 1008, 1011, 1013, 1017, 1018, 1019, 1024, 1025, 1030, 1032, 1035, 1036, 1038, 1040, 1043, 1049, 1050, 1052, 1057, 1059, 1063, 1069, 1081, 1092, 1095, 1097, 1100, 1102, 1103, 1104, 1106, 1108, 1112, 1113, 1114, 1116, 1117, 1118, 1122, 1124, 1129, 1132, 1133, 1137, 1141, 1144, 1148, 1154, 1157, 1160, 1168, 1170, 1173, 1178, 1181, 1189, 1194, 1195, 1198, 1202, 1208, 1209, 1214, 1216, 1217, 1221, 1223, 1224, 1226, 1229, 1230, 1231, 1232, 1238, 1241, 1242, 1244, 1251, 1253, 1256, 1258, 1261, 1265, 1267, 1271, 1272, 1274, 1275, 1278, 1279, 1282, 1284, 1287, 1288, 1291, 1292, 1295, 1303, 1308, 1313, 1317, 1318, 1319, 1320, 1321, 1325, 1334, 1338, 1339, 1340]",[],"[1, 5, 14, 18, 27, 30, 32, 42, 62, 65, 74, 77, 83, 84, 104, 108, 124, 143, 153, 160, 162, 172, 175, 178, 180, 191, 192, 193, 196, 205, 221, 224, 237, 238, 242, 259, 269, 273, 275, 314, 321, 328, 329, 340, 350, 354, 363, 370, 377, 379, 387, 390, 394, 397, 400, 447, 456, 467, 468, 469, 471, 480, 494, 507, 527, 533, 538, 541, 546, 549, 563, 600, 610, 625, 631, 637, 638, 640, 645, 647, 657, 664, 667, 668, 682, 693, 710, 711, 724, 732, 740, 745, 746, 748, 756, 761, 762, 775, 779, 791, 797, 811, 829, 834, 849, 850, 854, 857, 859, 866, 868, 870, 881, 931, 938, 947, 960, 984, 997, 1001, 1002, 1016, 1031, 1041, 1044, 1066, 1075, 1077, 1082, 1094, 1096, 1110, 1119, 1138, 1140, 1149, 1151, 1158, 1176, 1177, 1190, 1197, 1206, 1210, 1211, 1212, 1228, 1234, 1237, 1246, 1255, 1262, 1263, 1276, 1281, 1285, 1300, 1301, 1307, 1324, 1326, 1331, 1333, 1335, 1336]"
5,bi,bpm_mode_xy,25.13049962714392,36.31618195376585,36.31618195376585,"[0, 8, 9, 11, 13, 16, 22, 30, 33, 36, 39, 43, 45, 50, 57, 59, 64, 66, 72, 76, 79, 90, 95, 104, 118, 123, 129, 133, 138, 140, 141, 143, 146, 147, 153, 154, 155, 157, 160, 161, 165, 167, 172, 174, 177, 185, 190, 203, 207, 214, 215, 216, 219, 221, 226, 229, 233, 238, 242, 247, 262, 265, 266, 270, 275, 280, 281, 286, 288, 290, 296, 298, 304, 305, 309, 315, 318, 319, 321, 325, 326, 335, 337, 339, 341, 344, 356, 364, 376, 379, 380, 381, 384, 385, 391, 393, 398, 400, 409, 410, 412, 417, 428, 430, 433, 434, 441, 445, 446, 448, 461, 463, 465, 467, 471, 473, 478, 481, 483, 484, 485, 487, 495, 497, 500, 521, 528, 540, 542, 546, 551, 558, 564, 573, 580, 581, 582, 584, 589, 591, 595, 596, 600, 602, 603, 604, 606, 608, 627, 629, 631, 637, 643, 647, 650, 654, 661, 664, 665, 666, 668, 670, 671, 674, 675, 676, 682, 686, 693, 698, 710, 711, 715, 723, 729, 747, 748, 761, 762, 765, 767, 771, 773, 775, 778, 781, 782, 785, 787, 792, 794, 795, 802, 803, 807, 809, 811, 821, 824, 826, 831, 834, 836, 839, 841, 842, 847, 852, 856, 858, 859, 860, 861, 868, 871, 879, 886, 902, 904, 905, 909, 910, 911, 920, 921, 927, 936, 940, 941, 951, 952, 953, 954, 959, 962, 964, 968, 980, 981, 984, 985, 987, 988, 990, 994, 999, 1002, 1015, 1019, 1021, 1024, 1028, 1030, 1031, 1032, 1038, 1040, 1041, 1043, 1049, 1050, 1052, 1057, 1059, 1061, 1062, 1084, 1092, 1094, 1097, 1100, 1102, 1103, 1104, 1106, 1108, 1110, 1112, 1113, 1122, 1124, 1129, 1132, 1133, 1136, 1141, 1154, 1160, 1169, 1170, 1175, 1176, 1177, 1178, 1181, 1184, 1189, 1194, 1195, 1198, 1203, 1208, 1209, 1214, 1216, 1217, 1221, 1229, 1231, 1232, 1238, 1241, 1244, 1250, 1251, 1256, 1258, 1265, 1270, 1272, 1275, 1278, 1279, 1287, 1291, 1293, 1295, 1307, 1313, 1318, 1319, 1324, 1331, 1334, 1337, 1339, 1340]",[],"[1, 5, 14, 18, 27, 42, 62, 65, 70, 77, 83, 84, 86, 106, 108, 109, 124, 162, 175, 178, 180, 184, 191, 193, 196, 205, 211, 224, 231, 237, 249, 259, 269, 273, 285, 294, 314, 323, 328, 329, 340, 350, 354, 355, 363, 369, 370, 373, 374, 375, 377, 387, 390, 394, 397, 426, 427, 447, 468, 469, 494, 507, 512, 526, 527, 533, 547, 563, 571, 610, 630, 635, 638, 640, 651, 657, 669, 689, 707, 724, 731, 732, 735, 740, 742, 746, 749, 750, 756, 759, 764, 766, 779, 789, 791, 797, 849, 850, 854, 857, 865, 866, 870, 881, 914, 931, 935, 938, 960, 969, 975, 997, 1001, 1016, 1036, 1044, 1066, 1072, 1075, 1086, 1089, 1096, 1119, 1138, 1140, 1150, 1151, 1158, 1168, 1190, 1206, 1210, 1212, 1227, 1228, 1234, 1237, 1255, 1262, 1276, 1281, 1285, 1300, 1301, 1304, 1323, 1326, 1333, 1335, 1336]"
6,bi,bpm_median_x,43.77330350484713,44.51901565995526,44.51901565995526,"[0, 1, 3, 4, 5, 8, 10, 12, 13, 14, 15, 17, 18, 20, 21, 23, 30, 34, 39, 42, 43, 44, 45, 46, 48, 50, 51, 54, 60, 62, 63, 64, 65, 66, 76, 78, 84, 86, 90, 99, 100, 104, 105, 108, 112, 116, 123, 124, 125, 126, 127, 129, 130, 132, 133, 138, 139, 141, 142, 143, 146, 152, 153, 154, 155, 158, 160, 161, 162, 163, 164, 167, 169, 171, 172, 174, 175, 177, 178, 179, 180, 182, 184, 185, 191, 192, 193, 194, 195, 196, 197, 202, 205, 208, 209, 214, 215, 216, 219, 221, 222, 223, 224, 225, 226, 229, 236, 238, 239, 242, 243, 245, 248, 250, 251, 254, 258, 259, 262, 263, 264, 265, 266, 269, 271, 273, 275, 280, 284, 287, 288, 289, 290, 292, 293, 294, 296, 297, 299, 304, 310, 313, 315, 317, 318, 321, 322, 325, 326, 329, 330, 331, 333, 335, 338, 340, 344, 349, 351, 356, 359, 360, 364, 365, 370, 371, 375, 377, 379, 382, 384, 390, 392, 393, 396, 397, 398, 400, 403, 406, 410, 412, 416, 417, 419, 421, 423, 428, 430, 437, 439, 440, 441, 447, 448, 450, 454, 456, 457, 458, 463, 467, 468, 469, 471, 478, 479, 481, 483, 485, 487, 494, 495, 500, 505, 507, 508, 512, 519, 522, 526, 532, 534, 535, 539, 540, 546, 551, 552, 553, 558, 563, 567, 568, 571, 572, 573, 574, 576, 580, 582, 583, 584, 589, 595, 596, 597, 598, 599, 600, 602, 603, 605, 606, 608, 611, 612, 613, 619, 621, 622, 627, 629, 631, 632, 633, 634, 637, 638, 639, 640, 643, 645, 647, 650, 657, 658, 659, 661, 664, 665, 667, 668, 669, 670, 674, 676, 677, 679, 682, 683, 685, 687, 689, 698, 702, 707, 708, 710, 711, 712, 713, 715, 720, 722, 723, 724, 728, 731, 733, 734, 735, 742, 745, 746, 748, 750, 752, 756, 759, 761, 762, 765, 766, 767, 770, 771, 773, 775, 778, 779, 781, 784, 785, 787, 789, 791, 793, 795, 802, 804, 806, 807, 809, 811, 813, 814, 816, 820, 822, 824, 826, 831, 834, 837, 839, 842, 844, 845, 846, 847, 848, 849, 850, 852, 854, 858, 859, 861, 865, 866, 867, 868, 870, 871, 873, 874, 875, 877, 879, 881, 884, 887, 889, 890, 897, 900, 902, 903, 904, 905, 907, 909, 911, 912, 915, 921, 923, 925, 927, 935, 938, 940, 941, 942, 947, 951, 953, 954, 964, 965, 969, 972, 974, 979, 981, 984, 985, 987, 988, 989, 990, 992, 994, 995, 996, 997, 999, 1001, 1002, 1005, 1011, 1013, 1015, 1016, 1019, 1020, 1021, 1022, 1024, 1025, 1026, 1027, 1028, 1029, 1030, 1031, 1032, 1035, 1037, 1041, 1042, 1043, 1048, 1053, 1054, 1055, 1056, 1057, 1058, 1059, 1061, 1062, 1070, 1072, 1075, 1078, 1079, 1082, 1083, 1084, 1090, 1092, 1094, 1096, 1098, 1099, 1106, 1107, 1108, 1110, 1111, 1112, 1115, 1119, 1120, 1122, 1125, 1127, 1128, 1129, 1132, 1133, 1136, 1138, 1140, 1143, 1148, 1149, 1151, 1152, 1157, 1160, 1164, 1166, 1167, 1168, 1169, 1170, 1174, 1176, 1177, 1178, 1184, 1186, 1188, 1189, 1190, 1191, 1195, 1196, 1197, 1198, 1199, 1200, 1203, 1205, 1207, 1209, 1210, 1211, 1214, 1218, 1221, 1224, 1227, 1228, 1229, 1232, 1235, 1237, 1239, 1241, 1244, 1246, 1252, 1254, 1255, 1256, 1257, 1258, 1262, 1263, 1269, 1270, 1275, 1278, 1280, 1281, 1285, 1286, 1287, 1290, 1291, 1292, 1293, 1294, 1295, 1297, 1299, 1301, 1304, 1305, 1307, 1308, 1310, 1313, 1314, 1321, 1324, 1327, 1330, 1331, 1333, 1335, 1337, 1339]",[],"[83, 211, 328, 355, 363, 373, 533, 931, 975, 1326]"
7,bi,bpm_median_y,45.19015659955257,46.97986577181208,46.97986577181208,"[0, 11, 12, 13, 15, 16, 20, 21, 22, 29, 30, 34, 39, 42, 43, 44, 46, 49, 50, 56, 57, 59, 60, 61, 64, 65, 66, 70, 74, 76, 78, 79, 83, 84, 86, 88, 98, 99, 108, 109, 115, 116, 117, 118, 120, 123, 126, 129, 130, 131, 132, 138, 139, 143, 145, 155, 156, 159, 161, 162, 163, 164, 165, 166, 167, 169, 172, 174, 175, 177, 178, 185, 194, 195, 197, 199, 203, 205, 206, 207, 210, 211, 214, 215, 216, 219, 221, 222, 223, 225, 226, 231, 234, 236, 239, 242, 243, 245, 247, 249, 250, 251, 252, 255, 259, 260, 261, 262, 264, 266, 270, 271, 272, 275, 277, 280, 281, 285, 288, 289, 290, 293, 294, 296, 299, 301, 306, 309, 310, 313, 315, 317, 318, 320, 321, 322, 323, 325, 326, 329, 331, 332, 333, 335, 342, 344, 345, 353, 355, 359, 360, 361, 364, 368, 369, 370, 371, 373, 374, 375, 376, 379, 380, 383, 384, 385, 389, 393, 394, 396, 400, 407, 410, 412, 413, 416, 417, 419, 420, 422, 423, 426, 428, 430, 433, 434, 436, 439, 440, 441, 445, 448, 452, 454, 457, 458, 460, 463, 465, 467, 468, 471, 472, 475, 478, 479, 480, 481, 483, 484, 485, 493, 500, 502, 505, 507, 510, 512, 515, 519, 527, 528, 529, 531, 532, 533, 534, 535, 536, 537, 539, 540, 545, 546, 547, 551, 552, 554, 555, 558, 560, 565, 566, 569, 570, 571, 572, 573, 574, 577, 578, 579, 580, 581, 584, 589, 590, 594, 595, 596, 598, 599, 600, 602, 603, 605, 608, 610, 618, 619, 620, 621, 624, 625, 626, 627, 629, 630, 631, 635, 637, 643, 645, 647, 648, 650, 651, 653, 654, 657, 661, 664, 665, 666, 667, 668, 669, 670, 671, 673, 674, 675, 676, 677, 678, 680, 683, 689, 691, 693, 699, 701, 704, 707, 708, 710, 711, 712, 715, 729, 731, 733, 735, 736, 737, 742, 744, 745, 746, 747, 748, 749, 750, 752, 756, 758, 759, 761, 762, 765, 766, 767, 770, 771, 773, 775, 778, 779, 781, 783, 785, 787, 789, 793, 795, 799, 800, 802, 803, 805, 806, 807, 809, 811, 813, 816, 817, 818, 819, 820, 822, 823, 824, 826, 827, 831, 834, 836, 837, 838, 839, 841, 842, 844, 845, 846, 847, 851, 852, 854, 856, 861, 863, 865, 866, 867, 870, 871, 873, 877, 879, 885, 887, 890, 894, 896, 897, 898, 902, 903, 909, 911, 912, 914, 915, 920, 921, 927, 930, 931, 932, 934, 937, 940, 941, 944, 945, 946, 951, 952, 953, 954, 957, 959, 960, 961, 962, 964, 965, 969, 970, 971, 975, 985, 988, 989, 990, 993, 995, 996, 999, 1000, 1008, 1012, 1013, 1018, 1020, 1022, 1023, 1024, 1025, 1026, 1027, 1029, 1030, 1031, 1032, 1034, 1036, 1037, 1040, 1042, 1045, 1050, 1054, 1055, 1056, 1057, 1066, 1070, 1072, 1077, 1078, 1079, 1081, 1082, 1084, 1086, 1088, 1089, 1092, 1098, 1099, 1100, 1102, 1103, 1104, 1106, 1107, 1108, 1111, 1112, 1113, 1115, 1116, 1124, 1125, 1128, 1129, 1132, 1133, 1136, 1138, 1139, 1141, 1146, 1148, 1149, 1150, 1154, 1155, 1160, 1165, 1166, 1168, 1173, 1177, 1178, 1181, 1182, 1183, 1184, 1188, 1189, 1190, 1193, 1194, 1196, 1197, 1198, 1199, 1200, 1201, 1207, 1209, 1210, 1212, 1214, 1216, 1218, 1221, 1224, 1225, 1226, 1227, 1228, 1229, 1231, 1232, 1235, 1238, 1240, 1241, 1246, 1255, 1256, 1258, 1259, 1262, 1263, 1269, 1270, 1272, 1275, 1276, 1278, 1279, 1282, 1284, 1285, 1287, 1290, 1291, 1292, 1293, 1294, 1299, 1304, 1305, 1307, 1308, 1312, 1313, 1319, 1320, 1321, 1323, 1324, 1326, 1331, 1333, 1334, 1336, 1338, 1339, 1340]",[],"[1, 14, 27, 104, 124, 191, 192, 224, 237, 273, 350, 354, 363, 397, 447, 724, 849, 850, 938, 1096, 1119, 1151, 1158, 1206]"
8,bi,bpm_median_xy,47.427293064876956,47.651006711409394,47.651006711409394,"[0, 3, 4, 5, 8, 12, 13, 14, 15, 20, 21, 22, 23, 29, 30, 34, 39, 42, 43, 44, 45, 46, 48, 49, 50, 54, 57, 59, 60, 61, 62, 64, 65, 66, 70, 76, 78, 84, 86, 88, 90, 98, 99, 100, 104, 105, 108, 109, 116, 118, 121, 123, 125, 126, 127, 129, 130, 131, 132, 133, 136, 138, 139, 141, 143, 152, 155, 160, 161, 162, 163, 164, 165, 167, 169, 172, 174, 175, 177, 178, 179, 180, 182, 185, 191, 192, 194, 195, 196, 197, 202, 205, 206, 207, 209, 211, 212, 214, 215, 216, 219, 221, 222, 223, 225, 226, 236, 238, 239, 242, 243, 245, 247, 249, 250, 251, 255, 257, 259, 262, 264, 266, 269, 270, 271, 272, 275, 276, 277, 280, 281, 284, 285, 287, 288, 289, 290, 292, 293, 294, 296, 299, 304, 309, 310, 313, 315, 317, 318, 320, 321, 322, 323, 325, 326, 329, 330, 331, 333, 335, 340, 344, 352, 355, 356, 359, 360, 361, 364, 365, 369, 370, 371, 374, 375, 377, 379, 382, 383, 384, 390, 393, 396, 399, 400, 403, 410, 412, 413, 416, 417, 419, 420, 421, 423, 426, 428, 430, 434, 436, 439, 440, 441, 445, 448, 454, 457, 458, 460, 463, 465, 467, 468, 469, 471, 472, 478, 479, 480, 481, 483, 484, 485, 487, 493, 494, 495, 496, 500, 502, 505, 507, 508, 511, 512, 519, 527, 532, 534, 535, 538, 539, 540, 544, 546, 547, 548, 551, 552, 558, 560, 568, 570, 571, 572, 573, 574, 576, 578, 579, 580, 581, 583, 584, 587, 589, 590, 595, 596, 597, 598, 599, 600, 602, 603, 605, 608, 610, 613, 619, 620, 621, 622, 624, 625, 626, 627, 629, 631, 632, 633, 637, 638, 643, 645, 647, 650, 651, 653, 654, 657, 658, 659, 661, 664, 665, 667, 668, 669, 670, 671, 673, 674, 675, 676, 677, 678, 679, 680, 683, 684, 687, 689, 693, 698, 699, 707, 708, 710, 711, 712, 715, 723, 728, 729, 731, 733, 735, 736, 742, 744, 745, 746, 748, 749, 750, 752, 756, 758, 759, 760, 761, 762, 765, 766, 767, 769, 770, 771, 773, 775, 778, 779, 781, 785, 787, 789, 790, 791, 793, 795, 798, 800, 802, 803, 804, 805, 806, 807, 809, 810, 811, 813, 814, 816, 818, 820, 822, 823, 824, 826, 827, 831, 834, 837, 839, 842, 844, 845, 846, 847, 848, 849, 851, 852, 854, 858, 859, 861, 865, 866, 867, 868, 870, 871, 873, 877, 879, 883, 884, 885, 887, 889, 890, 896, 897, 898, 902, 903, 909, 911, 912, 915, 920, 921, 925, 927, 930, 937, 940, 941, 942, 945, 951, 952, 953, 954, 959, 960, 964, 965, 969, 971, 976, 979, 981, 985, 988, 989, 990, 993, 995, 996, 999, 1002, 1011, 1012, 1013, 1015, 1018, 1020, 1021, 1022, 1024, 1025, 1026, 1027, 1028, 1029, 1030, 1031, 1032, 1034, 1036, 1037, 1040, 1041, 1042, 1044, 1045, 1047, 1050, 1054, 1055, 1056, 1057, 1059, 1061, 1070, 1072, 1075, 1077, 1078, 1079, 1082, 1084, 1088, 1089, 1092, 1094, 1098, 1099, 1102, 1103, 1104, 1106, 1107, 1108, 1110, 1111, 1112, 1113, 1115, 1117, 1119, 1125, 1127, 1128, 1129, 1132, 1133, 1136, 1138, 1140, 1141, 1143, 1146, 1148, 1149, 1151, 1152, 1154, 1157, 1160, 1163, 1164, 1165, 1166, 1168, 1169, 1170, 1173, 1176, 1177, 1178, 1181, 1184, 1186, 1188, 1189, 1190, 1191, 1193, 1196, 1197, 1198, 1199, 1200, 1203, 1207, 1209, 1210, 1212, 1214, 1218, 1221, 1224, 1225, 1226, 1227, 1228, 1229, 1232, 1235, 1237, 1238, 1239, 1241, 1246, 1252, 1254, 1255, 1256, 1257, 1258, 1259, 1262, 1263, 1269, 1270, 1275, 1278, 1279, 1280, 1281, 1282, 1285, 1287, 1290, 1291, 1292, 1293, 1294, 1298, 1299, 1301, 1303, 1304, 1305, 1307, 1308, 1310, 1312, 1313, 1314, 1320, 1321, 1324, 1327, 1331, 1333, 1334, 1335, 1336, 1338, 1339]",[],"[124, 328, 363]"
